 2.12419e+09 -3.18922e+09

 2.12419e+09 -3.18922e+09

 2.12419e+09 -3.18922e+09

 2.12419e+09 -3.18922e+09

 2.12419e+09 -3.18922e+09

 2.12419e+09 -3.18922e+09

 2.12419e+09 -3.18922e+09

 2.12419e+09 -3.18922e+09

 2.12419e+09 -3.18922e+09

 2.12419e+09 -3.18922e+09

 2.12419e+09 -3.18922e+09

 2.12419e+09 -3.18922e+09

 2.12419e+09 -3.18922e+09

 2.12419e+09 -3.18922e+09

 2.12419e+09 -3.18922e+09

 2.12419e+09 -3.18922e+09

 2.12419e+09 -3.18922e+09

 2.12419e+09 -3.18922e+09

 2.12419e+09 -3.18922e+09

 2.12419e+09 -3.18922e+09

 2.12419e+09 -3.18922e+09

 2.12419e+09 -3.18922e+09

 2.12419e+09 -3.18922e+09

 2.12419e+09 -3.18922e+09

 2.12419e+09 -3.18922e+09

 2.12419e+09 -3.18922e+09

 2.12419e+09 -3.18922e+09

 2.12419e+09 -3.18922e+09

 2.12419e+09 -3.18922e+09

 2.12419e+09 -3.18922e+09

 2.12419e+09 -3.18922e+09

 2.12419e+09 -3.18922e+09

