41789.2 12285.3

41789.3 12285.3

41789.3 12285.2

41789.3 12285.2

41789.4 12285.2

41789.4 12285.2

41789.4 12285.2

41789.5 12285.2

41789.5 12285.2

41789.5 12285.2

41789.6 12285.3

41789.6 12285.3

41789.6 12285.3

41789.6 12285.4

41789.6 12285.4

41789.6 12285.4

41789.6 12285.5

41789.6 12285.5

41789.6 12285.5

41789.5 12285.6

41789.5 12285.6

41789.5 12285.6

41789.4 12285.6

41789.4 12285.6

41789.3 12285.6

41789.3 12285.6

41789.3 12285.5

41789.2 12285.5

41789.2 12285.5

41789.2 12285.4

41789.2 12285.4

41789.2 12285.3

