0.503096 0.898933

0.498762 0.937899

0.486909 0.975272

0.467993  1.00961

0.44274  1.0396

0.412122  1.06409

0.377314  1.08214

0.339655  1.09305

0.300592   1.0964

0.261626  1.09206

0.224253  1.08021

0.189912  1.06129

0.15992 1.03604

0.135431  1.00542

0.117386 0.970615

0.106479 0.932956

0.103128 0.893893

0.107462 0.854926

0.119315 0.817554

0.138231 0.783212

0.163483 0.753221

0.194102 0.728732

0.228909 0.710687

0.266568  0.69978

0.305631 0.696429

0.344598 0.700763

 0.38197 0.712616

0.416312 0.731532

0.446303 0.756784

0.470792 0.787402

0.488837 0.822209

0.499745 0.859868

