0.352915 0.791389

0.390645 0.802049

 0.42557 0.819864

0.456349 0.844151

0.481798 0.873976

0.500939 0.908193

0.513038 0.945486

0.517628 0.984424

0.514534  1.02351

0.503874  1.06124

0.486059  1.09616

0.461772  1.12694

0.431947  1.15239

0.39773 1.17153

0.360437  1.18363

 0.3215 1.18822

0.282415  1.18513

0.244685  1.17447

0.20976 1.15665

0.178981  1.13237

0.153532  1.10254

0.13439 1.06832

0.122292  1.03103

0.117702 0.992093

0.120796 0.953009

0.131455 0.915279

0.149271 0.880353

0.173558 0.849575

0.203382 0.824126

0.237599 0.804984

0.274892 0.792885

0.313829 0.788295

0.352915 0.791389

0.390645 0.802049

 0.42557 0.819864

0.456349 0.844151

0.481798 0.873976

0.500939 0.908193

0.513038 0.945486

0.517628 0.984424

0.514534  1.02351

0.503874  1.06124

0.486059  1.09616

0.461772  1.12694

0.431947  1.15239

0.39773 1.17153

0.360437  1.18363

 0.3215 1.18822

0.282415  1.18513

0.244685  1.17447

0.20976 1.15665

0.178981  1.13237

0.153532  1.10254

0.13439 1.06832

0.122292  1.03103

0.117702 0.992093

0.120796 0.953009

0.131455 0.915279

0.149271 0.880353

0.173558 0.849575

0.203382 0.824126

0.237599 0.804984

0.274892 0.792885

0.313829 0.788295

0.352915 0.791389

0.390645 0.802049

 0.42557 0.819864

0.456349 0.844151

0.481798 0.873976

0.500939 0.908193

0.513038 0.945486

0.517628 0.984424

0.514534  1.02351

0.503874  1.06124

0.486059  1.09616

0.461772  1.12694

0.431947  1.15239

0.39773 1.17153

0.360437  1.18363

 0.3215 1.18822

0.282415  1.18513

0.244685  1.17447

0.20976 1.15665

0.178981  1.13237

0.153532  1.10254

0.13439 1.06832

0.122292  1.03103

0.117702 0.992093

0.120796 0.953009

0.131455 0.915279

0.149271 0.880353

0.173558 0.849575

0.203382 0.824126

0.237599 0.804984

0.274892 0.792885

0.313829 0.788295

0.352915 0.791389

0.390645 0.802049

 0.42557 0.819864

0.456349 0.844151

0.481798 0.873976

0.500939 0.908193

0.513038 0.945486

0.517628 0.984424

0.514534  1.02351

0.503874  1.06124

0.486059  1.09616

0.461772  1.12694

0.431947  1.15239

0.39773 1.17153

0.360437  1.18363

 0.3215 1.18822

0.282415  1.18513

0.244685  1.17447

0.20976 1.15665

0.178981  1.13237

0.153532  1.10254

0.13439 1.06832

0.122292  1.03103

0.117702 0.992093

0.120796 0.953009

0.131455 0.915279

0.149271 0.880353

0.173558 0.849575

0.203382 0.824126

0.237599 0.804984

0.274892 0.792885

0.313829 0.788295

