0.741487 0.967266

0.754007  1.00442

0.759039   1.0433

0.756389  1.08242

0.746158  1.12027

0.728739  1.15539

0.704803  1.18645

0.675269  1.21223

0.641272  1.23176

0.604118  1.24428

0.565235  1.24931

0.526118  1.24666

0.48827 1.23643

0.453145  1.21901

0.422092  1.19508

0.396307  1.16554

0.376778  1.13155

0.364257  1.09439

0.359225  1.05551

0.361876  1.01639

0.372107 0.978543

0.389525 0.943418

0.413461 0.912366

0.442995  0.88658

0.476992 0.867051

0.514146  0.85453

0.553029 0.849499

0.592146 0.852149

0.629994  0.86238

 0.66512 0.879798

0.696172 0.903734

0.721958 0.933268

