0.319857 0.815487

0.352547 0.837133

0.380385 0.864741

0.402303 0.897249

0.417457 0.933409

0.425266  0.97183

0.425429  1.01104

0.41794 1.04952

0.403088  1.08581

0.381441   1.1185

0.353833  1.14633

0.321325  1.16825

0.285165  1.18341

0.246744  1.19122

0.207538  1.19138

0.169053  1.18389

0.132768  1.16904

0.100078  1.14739

0.0722399   1.11978

0.0503222   1.08727

0.0351678   1.05111

0.0273589   1.01269

0.0271957  0.973487

0.0346844  0.935002

0.0495372  0.898718

0.0711835  0.866028

0.0987912  0.838189

0.131299 0.816272

0.167459 0.801117

 0.20588 0.793308

0.245087 0.793145

0.283572 0.800633

0.319857 0.815487

0.352547 0.837133

0.380385 0.864741

0.402303 0.897249

0.417457 0.933409

0.425266  0.97183

0.425429  1.01104

0.41794 1.04952

0.403088  1.08581

0.381441   1.1185

0.353833  1.14633

0.321325  1.16825

0.285165  1.18341

0.246744  1.19122

0.207538  1.19138

0.169053  1.18389

0.132768  1.16904

0.100078  1.14739

0.0722399   1.11978

0.0503222   1.08727

0.0351678   1.05111

0.0273589   1.01269

0.0271957  0.973487

0.0346844  0.935002

0.0495372  0.898718

0.0711835  0.866028

0.0987912  0.838189

0.131299 0.816272

0.167459 0.801117

 0.20588 0.793308

0.245087 0.793145

0.283572 0.800633

0.319857 0.815487

0.352547 0.837133

0.380385 0.864741

0.402303 0.897249

0.417457 0.933409

0.425266  0.97183

0.425429  1.01104

0.41794 1.04952

0.403088  1.08581

0.381441   1.1185

0.353833  1.14633

0.321325  1.16825

0.285165  1.18341

0.246744  1.19122

0.207538  1.19138

0.169053  1.18389

0.132768  1.16904

0.100078  1.14739

0.0722399   1.11978

0.0503222   1.08727

0.0351678   1.05111

0.0273589   1.01269

0.0271957  0.973487

0.0346844  0.935002

0.0495372  0.898718

0.0711835  0.866028

0.0987912  0.838189

0.131299 0.816272

0.167459 0.801117

 0.20588 0.793308

0.245087 0.793145

0.283572 0.800633

0.319857 0.815487

0.352547 0.837133

0.380385 0.864741

0.402303 0.897249

0.417457 0.933409

0.425266  0.97183

0.425429  1.01104

0.41794 1.04952

0.403088  1.08581

0.381441   1.1185

0.353833  1.14633

0.321325  1.16825

0.285165  1.18341

0.246744  1.19122

0.207538  1.19138

0.169053  1.18389

0.132768  1.16904

0.100078  1.14739

0.0722399   1.11978

0.0503222   1.08727

0.0351678   1.05111

0.0273589   1.01269

0.0271957  0.973487

0.0346844  0.935002

0.0495372  0.898718

0.0711835  0.866028

0.0987912  0.838189

0.131299 0.816272

0.167459 0.801117

 0.20588 0.793308

0.245087 0.793145

0.283572 0.800633

