0.723738 0.885153

0.742997 0.919303

0.755224 0.956555

0.759949 0.995476

0.756989  1.03457

0.74646 1.07234

0.728765  1.10732

0.704584  1.13819

0.674847  1.16374

0.640697    1.183

0.603445  1.19522

0.564524  1.19995

0.525429  1.19699

0.487663  1.18646

0.452676  1.16876

0.421814  1.14458

0.396262  1.11485

0.377003   1.0807

0.364776  1.04345

0.360051  1.00452

0.36301 0.96543

 0.37354 0.927663

0.391235 0.892676

0.415415 0.861814

0.445152 0.836262

0.479303 0.817003

0.516554 0.804776

0.555475 0.800051

0.59457 0.80301

0.632337  0.81354

0.667323 0.831235

0.698186 0.855415

