 1.8224 1.53599

 1.8595 1.54867

1.89341 1.56834

1.92284 1.59426

1.94664 1.62541

 1.9639 1.66061

1.97397  1.6985

1.97645 1.73763

1.97126 1.77649

1.95857 1.81359

1.9389 1.8475

1.91299 1.87693

1.88183 1.90073

1.84663 1.91799

1.80874 1.92806

1.76961 1.93054

1.73075 1.92535

1.69365 1.91266

1.65974 1.89299

1.63032 1.86708

1.60651 1.83592

1.58925 1.80072

1.57918 1.76283

1.5767 1.7237

 1.5819 1.68484

1.59458 1.64774

1.61425 1.61383

1.64016 1.58441

1.67132  1.5606

1.70652 1.54334

1.74441 1.53327

1.78354 1.53079

