0.292295  1.06721

0.300358  1.10558

0.300781  1.14479

0.293547  1.18332

0.278935   1.2197

0.257505  1.25253

0.230082  1.28055

0.19772 1.30269

0.161661  1.31808

0.123293  1.32614

0.084088  1.32657

0.0455543   1.31933

0.00917226    1.30472

-0.02366  1.28329

-0.0516807    1.25587

-0.0738131    1.22351

-0.0892066    1.18745

-0.0972697    1.14908

-0.0976925    1.10987

-0.0904588    1.07134

-0.0758464    1.03496

-0.0544171    1.00213

-0.0269943   0.974105

0.0053682  0.951972

0.0414267  0.936579

0.0797954  0.928516

   0.119 0.928093

0.157534 0.935326

0.193916 0.949939

0.226748 0.971368

0.254769 0.998791

0.276901  1.03115

