0.707819 0.883854

0.727349  0.91785

0.739872 0.955003

0.744906 0.993885

0.742258    1.033

0.73203 1.07085

0.714614  1.10598

0.690679  1.13703

0.661147  1.16282

0.627151  1.18235

0.589998  1.19487

0.551115  1.19991

0.511998  1.19726

0.474149  1.18703

0.439023  1.16961

0.407969  1.14568

0.382181  1.11615

0.362651  1.08215

0.350128    1.045

0.345094  1.00612

0.347742 0.966998

 0.35797 0.929149

0.375386 0.894023

 0.39932 0.862969

0.428853 0.837182

0.462849 0.817651

0.500002 0.805128

0.538884 0.800094

0.578002 0.802742

0.615851  0.81297

0.650977 0.830386

0.682031  0.85432

