0.636125 0.996012

0.647496  1.03353

0.651327  1.07255

0.647473  1.11157

0.636081  1.14909

0.617589  1.18366

0.592708  1.21396

0.562393  1.23882

0.527811  1.25729

0.490289  1.26866

0.45127  1.2725

0.412253  1.26864

0.374738  1.25725

0.340166  1.23876

0.309865  1.21388

0.285002  1.18356

0.26653 1.14898

0.255159  1.11146

0.251327  1.07244

0.255181  1.03342

0.266573 0.995906

0.285065 0.961334

0.309946 0.931033

0.340261  0.90617

0.374843 0.887697

0.412365 0.876327

0.451384 0.872495

0.490401 0.876349

0.527917 0.887741

0.562489 0.906233

0.592789 0.931114

0.617653 0.961428

