0.338853 0.794202

0.37596 0.80686

0.409885 0.826513

0.439324 0.852408

0.463146 0.883548

0.480434 0.918737

0.490526 0.956623

0.493032  0.99575

0.487857  1.03461

 0.4752 1.07172

0.455546  1.10565

0.429652  1.13508

0.398512  1.15891

0.363323   1.1762

0.325437  1.18629

0.28631 1.18879

0.247446  1.18362

0.210339  1.17096

0.176414  1.15131

0.146975  1.12541

0.123153  1.09427

0.105864  1.05908

0.0957728    1.0212

0.0932662  0.982072

0.0984411  0.943208

0.111098   0.9061

0.130752 0.872175

0.156646 0.842736

0.187786 0.818914

0.222975 0.801625

0.260861 0.791534

0.299988 0.789027

0.338853 0.794202

0.37596 0.80686

0.409885 0.826513

0.439324 0.852408

0.463146 0.883548

0.480434 0.918737

0.490526 0.956623

0.493032  0.99575

0.487857  1.03461

 0.4752 1.07172

0.455546  1.10565

0.429652  1.13508

0.398512  1.15891

0.363323   1.1762

0.325437  1.18629

0.28631 1.18879

0.247446  1.18362

0.210339  1.17096

0.176414  1.15131

0.146975  1.12541

0.123153  1.09427

0.105864  1.05908

0.0957728    1.0212

0.0932662  0.982072

0.0984411  0.943208

0.111098   0.9061

0.130752 0.872175

0.156646 0.842736

0.187786 0.818914

0.222975 0.801625

0.260861 0.791534

0.299988 0.789027

0.338853 0.794202

0.37596 0.80686

0.409885 0.826513

0.439324 0.852408

0.463146 0.883548

0.480434 0.918737

0.490526 0.956623

0.493032  0.99575

0.487857  1.03461

 0.4752 1.07172

0.455546  1.10565

0.429652  1.13508

0.398512  1.15891

0.363323   1.1762

0.325437  1.18629

0.28631 1.18879

0.247446  1.18362

0.210339  1.17096

0.176414  1.15131

0.146975  1.12541

0.123153  1.09427

0.105864  1.05908

0.0957728    1.0212

0.0932662  0.982072

0.0984411  0.943208

0.111098   0.9061

0.130752 0.872175

0.156646 0.842736

0.187786 0.818914

0.222975 0.801625

0.260861 0.791534

0.299988 0.789027

0.338853 0.794202

0.37596 0.80686

0.409885 0.826513

0.439324 0.852408

0.463146 0.883548

0.480434 0.918737

0.490526 0.956623

0.493032  0.99575

0.487857  1.03461

 0.4752 1.07172

0.455546  1.10565

0.429652  1.13508

0.398512  1.15891

0.363323   1.1762

0.325437  1.18629

0.28631 1.18879

0.247446  1.18362

0.210339  1.17096

0.176414  1.15131

0.146975  1.12541

0.123153  1.09427

0.105864  1.05908

0.0957728    1.0212

0.0932662  0.982072

0.0984411  0.943208

0.111098   0.9061

0.130752 0.872175

0.156646 0.842736

0.187786 0.818914

0.222975 0.801625

0.260861 0.791534

0.299988 0.789027

