 1.01531 0.911593

 1.03022 0.947854

 1.03777 0.986327

1.03767 1.02553

1.02992 1.06397

1.01482 1.10015

0.992958  1.13269

0.965163  1.16035

0.932508  1.18204

0.896247  1.19695

0.857773   1.2045

0.818567   1.2044

0.780133  1.19665

0.74395 1.18156

0.711407  1.15969

0.683755  1.13189

0.662057  1.09924

0.647147  1.06298

0.639597  1.02451

0.639699 0.985299

0.647447 0.946865

0.662544 0.910682

 0.68441 0.878139

0.712205 0.850487

0.744861 0.828789

0.781122 0.813879

0.819595 0.806329

0.858801  0.80643

0.897235 0.814178

0.933419 0.829276

0.965962 0.851142

0.993613 0.878937

