  1.2466 0.906555

 1.23632 0.876648

 1.23399 0.840668

 1.22371 0.810761

 1.22138 0.774781

 1.21111 0.744874

 1.20878 0.708894

  1.2466 0.906555

 1.22276 0.924775

 1.19893 0.942995

  1.1751 0.961215

 1.15126 0.979435

 1.12743 0.997655

 1.1036 1.01587

1.08771 1.02802

 1.0536 1.01633

 1.02743 0.998575

0.993324 0.986888

 0.96716 0.969128

0.933051 0.957441

0.906887 0.939681

0.886795 0.929866

0.884464 0.893886

0.874189 0.863979

0.871858 0.827999

0.861582 0.798092

0.859251 0.762112

0.848975 0.732205

0.844773 0.710243

0.868606 0.692023

 0.89244 0.673803

0.916273 0.655583

0.940106 0.637363

 0.96394 0.619143

0.987773 0.600923

 1.20457 0.686932

 1.17841 0.669172

  1.1443 0.657485

 1.11814 0.639725

 1.08403 0.628039

 1.05786 0.610278

 1.02375 0.598592

  1.2466 0.906555

 1.23632 0.876648

 1.23399 0.840668

 1.22371 0.810761

 1.22138 0.774781

 1.21111 0.744874

 1.20878 0.708894

  1.2466 0.906555

 1.22276 0.924775

 1.19893 0.942995

  1.1751 0.961215

 1.15126 0.979435

 1.12743 0.997655

 1.1036 1.01587

1.08771 1.02802

 1.0536 1.01633

 1.02743 0.998575

0.993324 0.986888

 0.96716 0.969128

0.933051 0.957441

0.906887 0.939681

0.886795 0.929866

0.884464 0.893886

0.874189 0.863979

0.871858 0.827999

0.861582 0.798092

0.859251 0.762112

0.848975 0.732205

0.844773 0.710243

0.868606 0.692023

 0.89244 0.673803

0.916273 0.655583

0.940106 0.637363

 0.96394 0.619143

0.987773 0.600923

 1.20457 0.686932

 1.17841 0.669172

  1.1443 0.657485

 1.11814 0.639725

 1.08403 0.628039

 1.05786 0.610278

 1.02375 0.598592

0 0

0 0

0 0

0 0

0 0

0 0

0 0

0 0

0 0

0 0

0 0

0 0

0.8 1.1

0.83 1.11

0.86 1.13

0.89 1.14

0.92 1.16

0.95 1.17

0.98 1.19

0.8 1.1

 0.8 1.07

 0.8 1.04

 0.8 1.01

 0.8 0.98

 0.8 0.95

 0.8 0.92

0.8 0.9

0.83 0.88

0.86 0.87

0.89 0.85

0.92 0.84

0.95 0.82

0.98 0.81

  1 0.8

1.03 0.82

1.06 0.83

1.09 0.85

1.12 0.86

1.15 0.88

1.18 0.89

1.2 0.9

 1.2 0.93

 1.2 0.96

 1.2 0.99

