0.739647 0.886459

0.758634 0.920762

0.770564  0.95811

0.774978 0.997067

0.771708  1.03614

0.760878  1.07382

0.742905  1.10866

0.71848 1.13933

0.688541  1.16465

0.654238  1.18363

0.61689 1.19556

0.577933  1.19998

0.538863  1.19671

0.501181  1.18588

0.466337  1.16791

0.435668  1.14348

0.410354  1.11354

0.391366  1.07924

0.379436  1.04189

0.375022  1.00293

0.378292 0.963863

0.389121 0.926182

0.407094 0.891337

 0.43152 0.860668

0.461459 0.835354

0.495761 0.816367

0.533109 0.804436

0.572066 0.800022

0.611137 0.803292

0.648818 0.814121

0.683663 0.832094

0.714332 0.856519

