0.344171 0.818175

0.376338 0.840592

0.403513 0.868853

0.424652 0.901872

0.438944 0.938382

0.445838 0.976978

0.44507 1.01618

0.436669  1.05447

0.420959  1.09039

0.398543  1.12256

0.370282  1.14974

0.337262  1.17088

0.300753  1.18517

0.262157  1.19206

0.222957  1.19129

0.184661  1.18289

0.148739  1.16718

0.116573  1.14477

0.0893979   1.11651

0.0682584   1.08349

0.0539669   1.04698

0.0470725   1.00838

0.0478404  0.969181

0.0562408  0.930885

0.0719511  0.894963

0.0943675  0.862797

0.122628 0.835622

0.155648 0.814482

0.192157  0.80019

0.230753 0.793296

0.269953 0.794064

0.308249 0.802464

0.344171 0.818175

0.376338 0.840592

0.403513 0.868853

0.424652 0.901872

0.438944 0.938382

0.445838 0.976978

0.44507 1.01618

0.436669  1.05447

0.420959  1.09039

0.398543  1.12256

0.370282  1.14974

0.337262  1.17088

0.300753  1.18517

0.262157  1.19206

0.222957  1.19129

0.184661  1.18289

0.148739  1.16718

0.116573  1.14477

0.0893979   1.11651

0.0682584   1.08349

0.0539669   1.04698

0.0470725   1.00838

0.0478404  0.969181

0.0562408  0.930885

0.0719511  0.894963

0.0943675  0.862797

0.122628 0.835622

0.155648 0.814482

0.192157  0.80019

0.230753 0.793296

0.269953 0.794064

0.308249 0.802464

0.344171 0.818175

0.376338 0.840592

0.403513 0.868853

0.424652 0.901872

0.438944 0.938382

0.445838 0.976978

0.44507 1.01618

0.436669  1.05447

0.420959  1.09039

0.398543  1.12256

0.370282  1.14974

0.337262  1.17088

0.300753  1.18517

0.262157  1.19206

0.222957  1.19129

0.184661  1.18289

0.148739  1.16718

0.116573  1.14477

0.0893979   1.11651

0.0682584   1.08349

0.0539669   1.04698

0.0470725   1.00838

0.0478404  0.969181

0.0562408  0.930885

0.0719511  0.894963

0.0943675  0.862797

0.122628 0.835622

0.155648 0.814482

0.192157  0.80019

0.230753 0.793296

0.269953 0.794064

0.308249 0.802464

0.344171 0.818175

0.376338 0.840592

0.403513 0.868853

0.424652 0.901872

0.438944 0.938382

0.445838 0.976978

0.44507 1.01618

0.436669  1.05447

0.420959  1.09039

0.398543  1.12256

0.370282  1.14974

0.337262  1.17088

0.300753  1.18517

0.262157  1.19206

0.222957  1.19129

0.184661  1.18289

0.148739  1.16718

0.116573  1.14477

0.0893979   1.11651

0.0682584   1.08349

0.0539669   1.04698

0.0470725   1.00838

0.0478404  0.969181

0.0562408  0.930885

0.0719511  0.894963

0.0943675  0.862797

0.122628 0.835622

0.155648 0.814482

0.192157  0.80019

0.230753 0.793296

0.269953 0.794064

0.308249 0.802464

