0.359659 0.790232

0.397651 0.799917

0.433024 0.816828

0.464417 0.840315

0.490625 0.869475

0.510641 0.903187

0.523696 0.940157

0.529287 0.978963

0.527199  1.01811

0.517514  1.05611

0.500604  1.09148

0.477117  1.12287

0.447957  1.14908

0.414245   1.1691

0.377275  1.18215

0.338469  1.18774

0.299318  1.18565

0.261326  1.17597

0.225954  1.15906

0.19456 1.13557

0.168352  1.10641

0.148336   1.0727

0.135281  1.03573

 0.12969 0.996924

0.131777 0.957773

0.141462 0.919781

0.158373 0.884409

0.181859 0.853015

0.211019 0.826807

0.244731 0.806791

0.281701 0.793736

0.320507 0.788145

0.359659 0.790232

0.397651 0.799917

0.433024 0.816828

0.464417 0.840315

0.490625 0.869475

0.510641 0.903187

0.523696 0.940157

0.529287 0.978963

0.527199  1.01811

0.517514  1.05611

0.500604  1.09148

0.477117  1.12287

0.447957  1.14908

0.414245   1.1691

0.377275  1.18215

0.338469  1.18774

0.299318  1.18565

0.261326  1.17597

0.225954  1.15906

0.19456 1.13557

0.168352  1.10641

0.148336   1.0727

0.135281  1.03573

 0.12969 0.996924

0.131777 0.957773

0.141462 0.919781

0.158373 0.884409

0.181859 0.853015

0.211019 0.826807

0.244731 0.806791

0.281701 0.793736

0.320507 0.788145

0.359659 0.790232

0.397651 0.799917

0.433024 0.816828

0.464417 0.840315

0.490625 0.869475

0.510641 0.903187

0.523696 0.940157

0.529287 0.978963

0.527199  1.01811

0.517514  1.05611

0.500604  1.09148

0.477117  1.12287

0.447957  1.14908

0.414245   1.1691

0.377275  1.18215

0.338469  1.18774

0.299318  1.18565

0.261326  1.17597

0.225954  1.15906

0.19456 1.13557

0.168352  1.10641

0.148336   1.0727

0.135281  1.03573

 0.12969 0.996924

0.131777 0.957773

0.141462 0.919781

0.158373 0.884409

0.181859 0.853015

0.211019 0.826807

0.244731 0.806791

0.281701 0.793736

0.320507 0.788145

0.359659 0.790232

0.397651 0.799917

0.433024 0.816828

0.464417 0.840315

0.490625 0.869475

0.510641 0.903187

0.523696 0.940157

0.529287 0.978963

0.527199  1.01811

0.517514  1.05611

0.500604  1.09148

0.477117  1.12287

0.447957  1.14908

0.414245   1.1691

0.377275  1.18215

0.338469  1.18774

0.299318  1.18565

0.261326  1.17597

0.225954  1.15906

0.19456 1.13557

0.168352  1.10641

0.148336   1.0727

0.135281  1.03573

 0.12969 0.996924

0.131777 0.957773

0.141462 0.919781

0.158373 0.884409

0.181859 0.853015

0.211019 0.826807

0.244731 0.806791

0.281701 0.793736

0.320507 0.788145

