0.787556 0.997171

0.754476 0.976126

0.726137 0.949032

0.703629  0.91693

0.687815 0.881053

0.679305 0.842781

0.678425 0.803584

0.685209 0.764969

0.699395 0.728419

 0.72044 0.695339

0.747534    0.667

0.779636 0.644491

0.815513 0.628678

0.853785 0.620168

0.892982 0.619287

0.931597 0.626071

0.968147 0.640258

 1.00123 0.661303

 1.02957 0.688396

 1.05207 0.720498

 1.06789 0.756375

  1.0764 0.794647

 1.07728 0.833844

  1.0705 0.872459

1.05631 0.90901

1.03526 0.94209

 1.00817 0.970429

0.976068 0.992937

0.940191  1.00875

0.901919  1.01726

0.862723  1.01814

0.824107  1.01136

