0.743598 0.877013

0.764499 0.910185

0.778526 0.946796

0.785142 0.985441

0.784091  1.02463

0.775414  1.06287

0.759445  1.09868

0.736797  1.13068

0.708341  1.15765

0.675169  1.17855

0.638558  1.19258

0.599913  1.19919

0.560721  1.19814

0.522486  1.18947

0.486679   1.1735

0.454675  1.15085

0.427704  1.12239

0.406804  1.08922

0.392776  1.05261

0.38616 1.01397

0.387211 0.974773

0.395887 0.936538

0.411857 0.900731

0.434504 0.868727

0.462961 0.841756

0.496132 0.820856

0.532744 0.806828

0.571388 0.800212

0.610581 0.801263

0.648816 0.809939

0.684623 0.825908

0.716627 0.848556

0.743598 0.877013

0.764499 0.910185

0.778526 0.946796

0.785142 0.985441

0.784091  1.02463

0.775414  1.06287

0.759445  1.09868

0.736797  1.13068

0.708341  1.15765

0.675169  1.17855

0.638558  1.19258

0.599913  1.19919

0.560721  1.19814

0.522486  1.18947

0.486679   1.1735

0.454675  1.15085

0.427704  1.12239

0.406804  1.08922

0.392776  1.05261

0.38616 1.01397

0.387211 0.974773

0.395887 0.936538

0.411857 0.900731

0.434504 0.868727

0.462961 0.841756

0.496132 0.820856

0.532744 0.806828

0.571388 0.800212

0.610581 0.801263

0.648816 0.809939

0.684623 0.825908

0.716627 0.848556

0.743598 0.877013

0.764499 0.910185

0.778526 0.946796

0.785142 0.985441

0.784091  1.02463

0.775414  1.06287

0.759445  1.09868

0.736797  1.13068

0.708341  1.15765

0.675169  1.17855

0.638558  1.19258

0.599913  1.19919

0.560721  1.19814

0.522486  1.18947

0.486679   1.1735

0.454675  1.15085

0.427704  1.12239

0.406804  1.08922

0.392776  1.05261

0.38616 1.01397

0.387211 0.974773

0.395887 0.936538

0.411857 0.900731

0.434504 0.868727

0.462961 0.841756

0.496132 0.820856

0.532744 0.806828

0.571388 0.800212

0.610581 0.801263

0.648816 0.809939

0.684623 0.825908

0.716627 0.848556

0.743598 0.877013

0.764499 0.910185

0.778526 0.946796

0.785142 0.985441

0.784091  1.02463

0.775414  1.06287

0.759445  1.09868

0.736797  1.13068

0.708341  1.15765

0.675169  1.17855

0.638558  1.19258

0.599913  1.19919

0.560721  1.19814

0.522486  1.18947

0.486679   1.1735

0.454675  1.15085

0.427704  1.12239

0.406804  1.08922

0.392776  1.05261

0.38616 1.01397

0.387211 0.974773

0.395887 0.936538

0.411857 0.900731

0.434504 0.868727

0.462961 0.841756

0.496132 0.820856

0.532744 0.806828

0.571388 0.800212

0.610581 0.801263

0.648816 0.809939

0.684623 0.825908

0.716627 0.848556

