0.33766 1.06567

0.346713  1.10381

0.34815 1.14299

0.341915   1.1817

0.328249  1.21845

0.307676  1.25183

0.280987  1.28055

0.249208  1.30351

0.21356 1.31983

0.175413  1.32888

0.136232  1.33032

0.0975244   1.32409

0.0607765   1.31042

0.0274008   1.28985

-0.0013201    1.26316

-0.0242824    1.23138

-0.0406037    1.19573

-0.0496568    1.15758

-0.0510938     1.1184

-0.0448595     1.0797

-0.0311934    1.04295

-0.0106207    1.00957

0.0160679  0.980851

0.047847 0.957888

0.0834951  0.941567

0.121642 0.932514

0.160823 0.931077

0.199531 0.937311

0.236279 0.950977

0.269655  0.97155

0.298376 0.998238

0.321338  1.03002

