0.676198  0.90175

0.684154 0.940141

0.684468 0.979346

0.677127  1.01786

0.662414   1.0542

0.640893  1.08697

0.613392  1.11492

0.580968  1.13696

0.544867  1.15225

0.506476  1.16021

0.467271  1.16052

0.428757  1.15318

0.392416  1.13847

0.359643  1.11695

0.331699  1.08945

0.309657  1.05702

0.294363  1.02092

0.286407 0.982531

0.286093 0.943326

0.293434 0.904812

0.308148 0.868471

0.329668 0.835699

0.357169 0.807754

0.389593 0.785712

0.425694 0.770419

0.464085 0.762462

 0.50329 0.762148

0.541804 0.769489

0.578145 0.784202

0.610918 0.805723

0.638862 0.833224

0.660905 0.865647

