 0.69189 0.882562

 0.71169 0.916401

0.724508 0.953453

0.729852 0.992294

0.727515  1.03143

0.717588  1.06936

0.700452  1.10462

0.676765  1.13587

0.647439  1.16189

0.613599  1.18169

0.576547  1.19451

0.537706  1.19985

0.498569  1.19751

0.460639  1.18759

0.425376  1.17045

0.394133  1.14677

0.368111  1.11744

0.34831  1.0836

0.335492  1.04655

0.330149  1.00771

0.332485 0.968569

0.342412  0.93064

0.359548 0.895376

0.383235 0.864133

0.412561 0.838111

 0.4464 0.81831

0.483453 0.805492

0.522294 0.800149

0.561431 0.802485

 0.59936 0.812412

0.634624 0.829548

0.665867 0.853234

