-4.6344e+40 5.07614e+39

-4.6344e+40 5.07614e+39

-4.6344e+40 5.07614e+39

-4.6344e+40 5.07614e+39

-4.6344e+40 5.07614e+39

-4.6344e+40 5.07614e+39

-4.6344e+40 5.07614e+39

-4.6344e+40 5.07614e+39

-4.6344e+40 5.07614e+39

-4.6344e+40 5.07614e+39

-4.6344e+40 5.07614e+39

-4.6344e+40 5.07614e+39

-4.6344e+40 5.07614e+39

-4.6344e+40 5.07614e+39

-4.6344e+40 5.07614e+39

-4.6344e+40 5.07614e+39

-4.6344e+40 5.07614e+39

-4.6344e+40 5.07614e+39

-4.6344e+40 5.07614e+39

-4.6344e+40 5.07614e+39

-4.6344e+40 5.07614e+39

-4.6344e+40 5.07614e+39

-4.6344e+40 5.07614e+39

-4.6344e+40 5.07614e+39

-4.6344e+40 5.07614e+39

-4.6344e+40 5.07614e+39

-4.6344e+40 5.07614e+39

-4.6344e+40 5.07614e+39

-4.6344e+40 5.07614e+39

-4.6344e+40 5.07614e+39

-4.6344e+40 5.07614e+39

-4.6344e+40 5.07614e+39

