 1.91006 0.725876

 1.94005 0.751138

 1.96452 0.781764

 1.98256 0.816578

1.99345 0.85424

 1.99679 0.893305

1.99244 0.93227

 1.98058 0.969638

1.96165 1.00397

1.93639 1.03396

1.90576 1.05844

1.87095 1.07647

1.83329 1.08736

1.79422  1.0907

1.75526 1.08636

1.71789 1.07449

1.68355 1.05556

1.65357  1.0303

 1.62909 0.999675

 1.61106 0.964861

 1.60016 0.927199

 1.59683 0.888134

 1.60117 0.849169

 1.61304 0.811801

 1.63196 0.777465

 1.65723 0.747482

 1.68785 0.723003

1.72267 0.70497

 1.76033 0.694074

 1.79939 0.690736

 1.83836 0.695083

 1.87573 0.706948

