0.945491 0.904069

0.960835 0.940149

0.968844 0.978529

0.969212  1.01773

0.961925  1.05626

0.947262  1.09262

0.925786  1.12542

0.898325   1.1534

0.865931  1.17549

0.829851  1.19083

0.791471  1.19884

0.752266  1.19921

0.713743  1.19192

0.677381  1.17726

0.644579  1.15579

0.616596  1.12832

0.594509  1.09593

0.579166  1.05985

0.571156  1.02147

0.570788 0.982267

0.578075 0.943743

0.592738 0.907381

0.614213 0.874579

0.641675 0.846596

0.674068 0.824509

0.710148 0.809166

0.748528 0.801156

0.787733 0.800788

0.826257 0.808075

0.862619 0.822738

0.895421 0.844213

0.923404 0.871675

