0.929722 0.902676

0.945352 0.938632

0.953667 0.976947

0.954347  1.01615

0.947366  1.05473

0.932993  1.09121

0.91178 1.12418

0.884541  1.15238

0.852325  1.17472

0.816368  1.19035

0.778053  1.19867

0.738852  1.19935

0.700272  1.19237

0.663795  1.17799

0.630822  1.15678

0.602622  1.12954

0.580278  1.09732

0.564648  1.06137

0.556333  1.02305

0.555653 0.983852

0.562634 0.945272

0.577007 0.908795

 0.59822 0.875823

0.625458 0.847622

0.657675 0.825278

0.693631 0.809648

0.731946 0.801333

0.771147 0.800653

0.809728 0.807633

0.846205 0.822007

0.879177  0.84322

0.907377 0.870458

