9.55206e+92 1.38213e+92

9.55206e+92 1.38213e+92

9.55206e+92 1.38213e+92

9.55206e+92 1.38213e+92

9.55206e+92 1.38213e+92

9.55206e+92 1.38213e+92

9.55206e+92 1.38213e+92

9.55206e+92 1.38213e+92

9.55206e+92 1.38213e+92

9.55206e+92 1.38213e+92

9.55206e+92 1.38213e+92

9.55206e+92 1.38213e+92

9.55206e+92 1.38213e+92

9.55206e+92 1.38213e+92

9.55206e+92 1.38213e+92

9.55206e+92 1.38213e+92

9.55206e+92 1.38213e+92

9.55206e+92 1.38213e+92

9.55206e+92 1.38213e+92

9.55206e+92 1.38213e+92

9.55206e+92 1.38213e+92

9.55206e+92 1.38213e+92

9.55206e+92 1.38213e+92

9.55206e+92 1.38213e+92

9.55206e+92 1.38213e+92

9.55206e+92 1.38213e+92

9.55206e+92 1.38213e+92

9.55206e+92 1.38213e+92

9.55206e+92 1.38213e+92

9.55206e+92 1.38213e+92

9.55206e+92 1.38213e+92

9.55206e+92 1.38213e+92

