0.850713 0.895802

0.867761 0.931109

0.877593 0.969063

0.879832  1.00821

0.874391  1.04703

0.86148 1.08405

0.841595  1.11784

0.8155 1.1471

0.784198  1.17071

0.748891  1.18776

0.710937  1.19759

0.671795  1.19983

0.632967  1.19439

0.595947  1.18148

0.562157   1.1616

0.532896   1.1355

0.509287   1.1042

0.49224 1.06889

0.482407  1.03094

0.480168 0.991795

0.485609 0.952967

 0.49852 0.915947

0.518405 0.882157

  0.5445 0.852896

0.575802 0.829288

0.611108  0.81224

0.649062 0.802407

0.688205 0.800168

0.727032 0.805609

0.764053 0.818519

0.797843 0.838404

0.827104 0.864499

