0.882349 0.898532

0.898833 0.934106

 0.90806 0.972211

0.909676  1.01138

0.903618  1.05012

0.890119  1.08693

0.869699   1.1204

0.843142  1.14924

0.811468  1.17235

0.775894  1.18883

0.737789  1.19806

0.698615  1.19968

0.659879  1.19362

0.623069  1.18012

0.5896 1.1597

0.560758  1.13314

0.537651  1.10147

0.521167  1.06589

0.51194 1.02779

0.510324 0.988616

0.516382  0.94988

0.52988 0.91307

0.5503 0.8796

0.576858 0.850758

0.608532 0.827651

0.644105 0.811167

0.682211  0.80194

0.721384 0.800324

 0.76012 0.806382

0.79693 0.81988

0.830399   0.8403

0.859242 0.866858

