-1319.19 -20.6723

-1319.17 -20.6405

-1319.15 -20.6049

-1319.14 -20.5668

-1319.14 -20.5276

-1319.15 -20.4889

-1319.16 -20.4521

-1319.18 -20.4187

-1319.21 -20.3899

-1319.24 -20.3669

-1319.27 -20.3506

-1319.31 -20.3414

-1319.35   -20.34

-1319.39 -20.3461

-1319.43 -20.3598

-1319.46 -20.3803

-1319.49 -20.4069

-1319.51 -20.4387

-1319.53 -20.4743

-1319.54 -20.5124

-1319.54 -20.5516

-1319.53 -20.5903

-1319.52 -20.6271

 -1319.5 -20.6605

-1319.47 -20.6893

-1319.44 -20.7123

 -1319.4 -20.7286

-1319.37 -20.7377

-1319.33 -20.7392

-1319.29 -20.7331

-1319.25 -20.7194

-1319.22 -20.6989

