0	0 0	0	2 0	0
0.001	0 0	0	2 0	0
0.002	0 0	0	2 0	0
0.003	0 0	0	2 0	0
0.004	0 0	0	2 0	0
0.005	0 0	0	2 0	0
0.006	0 0	0	2 0	0
0.007	0 0	0	2 0	0
0.008	0 0	0	2 0	0
0.009	0 0	0	2 0	0
0.01	0 0	0	2 0	0
0.011	0 0	0	2 0	0
0.012	0 0	0	2 0	0
0.013	0 0	0	2 0	0
0.014	0 0	0	2 0	0
0.015	0 0	0	2 0	0
0.016	0 0	0	2 0	0
0.017	0 0	0	2 0	0
0.018	0 0	0	2 0	0
0.019	0 0	0	2 0	0
0.02	0 0	0	2 0	0
0.021	0 0	0	2 0	0
0.022	0 0	0	2 0	0
0.023	0 0	0	2 0	0
0.024	0 0	0	2 0	0
0.025	0 0	0	2 0	0
0.026	0 0	0	2 0	0
0.027	0 0	0	2 0	0
0.028	0 0	0	2 0	0
0.029	0 0	0	2 0	0
0.03	0 0	0	2 0	0
0.031	0 0	0	2 0	0
0.032	0 0	0	2 0	0
0.033	0 0	0	2 0	0
0.034	0 0	0	2 0	0
0.035	0 0	0	2 0	0
0.036	0 0	0	2 0	0
0.037	0 0	0	2 0	0
0.038	0 0	0	2 0	0
0.039	0 0	0	2 0	0
0.04	0 0	0	2 0	0
0.041	0 0	0	2 0	0
0.042	0 0	0	2 0	0
0.043	0 0	0	2 0	0
0.044	0 0	0	2 0	0
0.045	0 0	0	2 0	0
0.046	0 0	0	2 0	0
0.047	0 0	0	2 0	0
0.048	0 0	0	2 0	0
0.049	0 0	0	2 0	0
0.05	0 0	0	2 0	0
0.051	0 0	0	2 0	0
0.052	0 0	0	2 0	0
0.053	0 0	0	2 0	0
0.054	0 0	0	2 0	0
0.055	0 0	0	2 0	0
0.056	0 0	0	2 0	0
0.057	0 0	0	2 0	0
0.058	0 0	0	2 0	0
0.059	0 0	0	2 0	0
0.06	0 0	0	2 0	0
0.061	0 0	0	2 0	0
0.062	0 0	0	2 0	0
0.063	0 0	0	2 0	0
0.064	0 0	0	2 0	0
0.065	0 0	0	2 0	0
0.066	0 0	0	2 0	0
0.067	0 0	0	2 0	0
0.068	0 0	0	2 0	0
0.069	0 0	0	2 0	0
0.07	0 0	0	2 0	0
0.071	0 0	0	2 0	0
0.072	0 0	0	2 0	0
0.073	0 0	0	2 0	0
0.074	0 0	0	2 0	0
0.075	0 0	0	2 0	0
0.076	0 0	0	2 0	0
0.077	0 0	0	2 0	0
0.078	0 0	0	2 0	0
0.079	0 0	0	2 0	0
0.08	0 0	0	2 0	0
0.081	0 0	0	2 0	0
0.082	0 0	0	2 0	0
0.083	0 0	0	2 0	0
0.084	0 0	0	2 0	0
0.085	0 0	0	2 0	0
0.086	0 0	0	2 0	0
0.087	0 0	0	2 0	0
0.088	0 0	0	2 0	0
0.089	0 0	0	2 0	0
0.09	0 0	0	2 0	0
0.091	0 0	0	2 0	0
0.092	0 0	0	2 0	0
0.093	0 0	0	2 0	0
0.094	0 0	0	2 0	0
0.095	0 0	0	2 0	0
0.096	0 0	0	2 0	0
0.097	0 0	0	2 0	0
0.098	0 0	0	2 0	0
0.099	0 0	0	2 0	0
0.1	0 0	0	2 0	0
0.101	 -0.166649 -0.0155829	0.00123719	     1.99151 -0.000793632	-0.0122791
0.102	  -0.437216 -0.00106146	-0.000129964	     1.96925 -0.000847691	-0.0109793
0.103	 -0.806003 0.00151723	-0.000332626	      1.9282 -0.000770419	-0.00765216
0.104	   -1.3386 0.00142015	-0.000547865	     1.86002 -0.000698092	-0.00217191
0.105	 -2.13513 -0.030621	0.00091331	   1.75128 -0.0022576	-0.0113082
0.106	 -2.29285 -0.030746	0.000854982	    1.63451 -0.00382349	-0.0198602
0.107	  -2.90431 -0.0349003	0.000965636	    1.48659 -0.00560094	-0.0295201
0.108	  -3.61424 -0.0395567	0.00112095	    1.30252 -0.00761555	-0.0407336
0.109	  -3.61516 -0.0395611	0.00100676	     1.1184 -0.00963038	-0.0508049
0.11	  -4.16987 -0.0628068	0.00110227	  0.906031 -0.0128291	-0.0618315
0.111	  -4.29367 -0.0633603	0.000966849	 0.687357 -0.016056	-0.0715036
0.112	  -4.29421 -0.0634255	0.000901678	  0.468655 -0.0192862	-0.0805226
0.113	  -4.53114 -0.0767773	0.000785775	  0.237886 -0.0231965	-0.0883823
0.114	  -4.53135 -0.0767743	0.000608003	0.00710582 -0.0271066	-0.0944639
0.115	  -4.53136 -0.0767701	0.000434573	 -0.223674 -0.0310164	-0.0988107
0.116	  -4.53116 -0.0767648	0.00026619	-0.454444 -0.034926	-0.101473
0.117	  -4.29422 -0.0634191	8.04715e-05	 -0.673147 -0.0381559	-0.102278
0.118	  -4.29368 -0.0633516	-0.000178555	 -0.891822 -0.0413824	-0.100492
0.119	  -4.23155 -0.0218764	-0.00105973	  -1.10733 -0.0424966	-0.0898908
0.12	  -3.61521 -0.0395588	-0.000510547	  -1.29145 -0.0445113	-0.0847835
0.121	    -3.589 -0.0614074	0.00146127	  -1.47424 -0.0476387	-0.0994014
0.122	  -2.88092 -0.0513243	0.00106417	  -1.62096 -0.0502527	-0.110047
0.123	  -2.27027 -0.0445406	0.000964958	  -1.73659 -0.0525211	-0.119699
0.124	  -2.11331 -0.0418467	0.000719669	  -1.84422 -0.0546523	-0.126898
0.125	  -1.32605 -0.0183148	0.000561816	  -1.91175 -0.0555851	-0.132518
0.126	 -0.787883 -0.0104057	0.000291605	  -1.95188 -0.0561151	-0.135435
0.127	  -0.419619 -0.00532116	0.000130608	  -1.97325 -0.0563861	-0.136742
0.128	  -0.230523 -0.00295255	5.20356e-05	  -1.98499 -0.0565364	-0.137262
0.129	0 0	0	  -1.98499 -0.0565364	-0.137262
0.13	0 0	0	  -1.98499 -0.0565364	-0.137262
0.131	0 0	0	  -1.98499 -0.0565364	-0.137262
0.132	0 0	0	  -1.98499 -0.0565364	-0.137262
0.133	0 0	0	  -1.98499 -0.0565364	-0.137262
0.134	0 0	0	  -1.98499 -0.0565364	-0.137262
0.135	0 0	0	  -1.98499 -0.0565364	-0.137262
0.136	0 0	0	  -1.98499 -0.0565364	-0.137262
0.137	0 0	0	  -1.98499 -0.0565364	-0.137262
0.138	0 0	0	  -1.98499 -0.0565364	-0.137262
0.139	0 0	0	  -1.98499 -0.0565364	-0.137262
0.14	0 0	0	  -1.98499 -0.0565364	-0.137262
0.141	0 0	0	  -1.98499 -0.0565364	-0.137262
0.142	0 0	0	  -1.98499 -0.0565364	-0.137262
0.143	0 0	0	  -1.98499 -0.0565364	-0.137262
0.144	0 0	0	  -1.98499 -0.0565364	-0.137262
0.145	0 0	0	  -1.98499 -0.0565364	-0.137262
0.146	0 0	0	  -1.98499 -0.0565364	-0.137262
0.147	0 0	0	  -1.98499 -0.0565364	-0.137262
0.148	0 0	0	  -1.98499 -0.0565364	-0.137262
0.149	0 0	0	  -1.98499 -0.0565364	-0.137262
0.15	0 0	0	  -1.98499 -0.0565364	-0.137262
0.151	0 0	0	  -1.98499 -0.0565364	-0.137262
0.152	0 0	0	  -1.98499 -0.0565364	-0.137262
0.153	0 0	0	  -1.98499 -0.0565364	-0.137262
0.154	0 0	0	  -1.98499 -0.0565364	-0.137262
0.155	0 0	0	  -1.98499 -0.0565364	-0.137262
0.156	0 0	0	  -1.98499 -0.0565364	-0.137262
0.157	0 0	0	  -1.98499 -0.0565364	-0.137262
0.158	0 0	0	  -1.98499 -0.0565364	-0.137262
0.159	0 0	0	  -1.98499 -0.0565364	-0.137262
0.16	0 0	0	  -1.98499 -0.0565364	-0.137262
0.161	0 0	0	  -1.98499 -0.0565364	-0.137262
0.162	0 0	0	  -1.98499 -0.0565364	-0.137262
0.163	0 0	0	  -1.98499 -0.0565364	-0.137262
0.164	0 0	0	  -1.98499 -0.0565364	-0.137262
0.165	0 0	0	  -1.98499 -0.0565364	-0.137262
0.166	0 0	0	  -1.98499 -0.0565364	-0.137262
0.167	0 0	0	  -1.98499 -0.0565364	-0.137262
0.168	0 0	0	  -1.98499 -0.0565364	-0.137262
0.169	0 0	0	  -1.98499 -0.0565364	-0.137262
0.17	0 0	0	  -1.98499 -0.0565364	-0.137262
0.171	0 0	0	  -1.98499 -0.0565364	-0.137262
0.172	0 0	0	  -1.98499 -0.0565364	-0.137262
0.173	0 0	0	  -1.98499 -0.0565364	-0.137262
0.174	0 0	0	  -1.98499 -0.0565364	-0.137262
0.175	0 0	0	  -1.98499 -0.0565364	-0.137262
0.176	0 0	0	  -1.98499 -0.0565364	-0.137262
0.177	0 0	0	  -1.98499 -0.0565364	-0.137262
0.178	0 0	0	  -1.98499 -0.0565364	-0.137262
0.179	0 0	0	  -1.98499 -0.0565364	-0.137262
0.18	0 0	0	  -1.98499 -0.0565364	-0.137262
0.181	0 0	0	  -1.98499 -0.0565364	-0.137262
0.182	0 0	0	  -1.98499 -0.0565364	-0.137262
0.183	0 0	0	  -1.98499 -0.0565364	-0.137262
0.184	0 0	0	  -1.98499 -0.0565364	-0.137262
0.185	0 0	0	  -1.98499 -0.0565364	-0.137262
0.186	0 0	0	  -1.98499 -0.0565364	-0.137262
0.187	0 0	0	  -1.98499 -0.0565364	-0.137262
0.188	0 0	0	  -1.98499 -0.0565364	-0.137262
0.189	0 0	0	  -1.98499 -0.0565364	-0.137262
0.19	0 0	0	  -1.98499 -0.0565364	-0.137262
0.191	0 0	0	  -1.98499 -0.0565364	-0.137262
0.192	0 0	0	  -1.98499 -0.0565364	-0.137262
0.193	0 0	0	  -1.98499 -0.0565364	-0.137262
0.194	0 0	0	  -1.98499 -0.0565364	-0.137262
0.195	0 0	0	  -1.98499 -0.0565364	-0.137262
0.196	0 0	0	  -1.98499 -0.0565364	-0.137262
0.197	0 0	0	  -1.98499 -0.0565364	-0.137262
0.198	0 0	0	  -1.98499 -0.0565364	-0.137262
0.199	0 0	0	  -1.98499 -0.0565364	-0.137262
0.2	0 0	0	  -1.98499 -0.0565364	-0.137262
