0.0005	1000	0	1e+09	294118
0.0015	1000	0	1e+09	294118
0.0025	1000	0	1e+09	294118
0.0035	1000	0	1e+09	294118
0.0045	1000	0	1e+09	294118
0.0055	1000	0	1e+09	294118
0.0065	1000	0	1e+09	294118
0.0075	1000	0	1e+09	294118
0.0085	1000	0	1e+09	294118
0.0095	1000	0	1e+09	294118
0.0105	1000	0	1e+09	294118
0.0115	1000	0	1e+09	294118
0.0125	1000	0	1e+09	294118
0.0135	1000	0	1e+09	294118
0.0145	1000	0	1e+09	294118
0.0155	1000	0	1e+09	294118
0.0165	1000	0	1e+09	294118
0.0175	1000	0	1e+09	294118
0.0185	1000	0	1e+09	294118
0.0195	1000	0	1e+09	294118
0.0205	1000	0	1e+09	294118
0.0215	1000	0	1e+09	294118
0.0225	1000	0	1e+09	294118
0.0235	1000	0	1e+09	294118
0.0245	1000	0	1e+09	294118
0.0255	1000	0	1e+09	294118
0.0265	1000	0	1e+09	294118
0.0275	1000	0	1e+09	294118
0.0285	1000	0	1e+09	294118
0.0295	1000	0	1e+09	294118
0.0305	1000	0	1e+09	294118
0.0315	1000	0	1e+09	294118
0.0325	1000	0	1e+09	294118
0.0335	1000	0	1e+09	294118
0.0345	1000	0	1e+09	294118
0.0355	1000	0	1e+09	294118
0.0365	1000	0	1e+09	294118
0.0375	1000	0	1e+09	294118
0.0385	1000	0	1e+09	294118
0.0395	1000	0	1e+09	294118
0.0405	1000	0	1e+09	294118
0.0415	1000	0	1e+09	294118
0.0425	1000	0	1e+09	294118
0.0435	1000	0	1e+09	294118
0.0445	1000	0	1e+09	294118
0.0455	1000	0	1e+09	294118
0.0465	1000	0	1e+09	294118
0.0475	1000	0	1e+09	294118
0.0485	1000	0	1e+09	294118
0.0495	1000	0	1e+09	294118
0.0505	1000	0	1e+09	294118
0.0515	1000	0	1e+09	294118
0.0525	1000	0	1e+09	294118
0.0535	1000	0	1e+09	294118
0.0545	1000	0	1e+09	294118
0.0555	1000	0	1e+09	294118
0.0565	1000	0	1e+09	294118
0.0575	1000	0	1e+09	294118
0.0585	1000	0	1e+09	294118
0.0595	1000	0	1e+09	294118
0.0605	1000	0	1e+09	294118
0.0615	1000	0	1e+09	294118
0.0625	1000	0	1e+09	294118
0.0635	1000	0	1e+09	294118
0.0645	1000	0	1e+09	294118
0.0655	1000	0	1e+09	294118
0.0665	1000	0	1e+09	294118
0.0675	1000	0	1e+09	294118
0.0685	1000	0	1e+09	294118
0.0695	1000	0	1e+09	294118
0.0705	999.706	0.779163	9.98708e+08	293824
0.0715	999.118	2.33901	9.96126e+08	293237
0.0725	998.53	3.89886	9.93547e+08	292650
0.0735	997.941	5.45871	9.90973e+08	292064
0.0745	997.352	7.01856	9.88403e+08	291478
0.0755	996.763	8.5784	9.85836e+08	290893
0.0765	996.174	10.1383	9.83274e+08	290309
0.0775	995.584	11.6981	9.80716e+08	289725
0.0785	994.994	13.2579	9.78162e+08	289142
0.0795	994.404	14.8178	9.75612e+08	288559
0.0805	993.814	16.3776	9.73067e+08	287977
0.0815	993.223	17.9375	9.70525e+08	287396
0.0825	992.633	19.4973	9.67987e+08	286815
0.0835	992.042	21.0572	9.65454e+08	286235
0.0845	991.45	22.617	9.62924e+08	285655
0.0855	990.859	24.1769	9.60399e+08	285076
0.0865	990.267	25.7367	9.57878e+08	284498
0.0875	989.675	27.2966	9.5536e+08	283920
0.0885	989.083	28.8564	9.52847e+08	283343
0.0895	988.49	30.4163	9.50338e+08	282766
0.0905	987.897	31.9761	9.47833e+08	282190
0.0915	987.304	33.536	9.45332e+08	281614
0.0925	986.711	35.0958	9.42835e+08	281039
0.0935	986.117	36.6557	9.40342e+08	280465
0.0945	985.524	38.2155	9.37853e+08	279891
0.0955	984.929	39.7754	9.35368e+08	279318
0.0965	984.335	41.3352	9.32887e+08	278745
0.0975	983.741	42.8951	9.30411e+08	278173
0.0985	983.146	44.4549	9.27938e+08	277602
0.0995	982.551	46.0148	9.25469e+08	277031
0.1005	981.955	47.5746	9.23005e+08	276461
0.1015	981.36	49.1345	9.20544e+08	275891
0.1025	980.764	50.6943	9.18088e+08	275322
0.1035	980.168	52.2542	9.15635e+08	274753
0.1045	979.572	53.814	9.13186e+08	274185
0.1055	978.975	55.3739	9.10742e+08	273618
0.1065	978.378	56.9337	9.08301e+08	273051
0.1075	977.781	58.4935	9.05865e+08	272485
0.1085	977.184	60.0534	9.03433e+08	271920
0.1095	976.586	61.6132	9.01004e+08	271355
0.1105	975.988	63.1731	8.9858e+08	270790
0.1115	975.39	64.7329	8.96159e+08	270226
0.1125	974.792	66.2928	8.93743e+08	269663
0.1135	974.193	67.8526	8.9133e+08	269101
0.1145	973.594	69.4125	8.88922e+08	268539
0.1155	972.995	70.9723	8.86518e+08	267977
0.1165	972.396	72.5322	8.84117e+08	267416
0.1175	971.796	74.092	8.81721e+08	266856
0.1185	971.196	75.6519	8.79328e+08	266296
0.1195	970.596	77.2117	8.7694e+08	265737
0.1205	969.996	78.7716	8.74555e+08	265179
0.1215	969.395	80.3314	8.72175e+08	264621
0.1225	968.794	81.8913	8.69798e+08	264063
0.1235	968.193	83.4511	8.67426e+08	263507
0.1245	967.591	85.011	8.65057e+08	262950
0.1255	966.99	86.5708	8.62693e+08	262395
0.1265	966.388	88.1307	8.60332e+08	261840
0.1275	965.785	89.6905	8.57976e+08	261286
0.1285	965.183	91.2504	8.55623e+08	260732
0.1295	964.58	92.8102	8.53274e+08	260178
0.1305	963.977	94.3701	8.5093e+08	259626
0.1315	963.374	95.9299	8.48589e+08	259074
0.1325	962.77	97.4898	8.46252e+08	258522
0.1335	962.166	99.0496	8.43919e+08	257971
0.1345	961.562	100.609	8.4159e+08	257421
0.1355	960.958	102.169	8.39265e+08	256871
0.1365	960.353	103.729	8.36944e+08	256322
0.1375	959.748	105.289	8.34627e+08	255774
0.1385	959.143	106.849	8.32314e+08	255226
0.1395	958.538	108.409	8.30005e+08	254679
0.1405	957.932	109.969	8.27699e+08	254132
0.1415	957.326	111.528	8.25398e+08	253586
0.1425	956.72	113.088	8.23101e+08	253040
0.1435	956.113	114.648	8.20807e+08	252495
0.1445	955.506	116.208	8.18518e+08	251951
0.1455	954.899	117.768	8.16232e+08	251407
0.1465	954.292	119.328	8.1395e+08	250864
0.1475	953.684	120.887	8.11672e+08	250321
0.1485	953.077	122.447	8.09399e+08	249779
0.1495	952.468	124.007	8.07129e+08	249237
0.1505	951.86	125.567	8.04862e+08	248696
0.1515	951.251	127.127	8.026e+08	248156
0.1525	950.642	128.687	8.00342e+08	247616
0.1535	950.033	130.247	7.98088e+08	247077
0.1545	949.424	131.806	7.95837e+08	246539
0.1555	948.814	133.366	7.93591e+08	246001
0.1565	948.204	134.926	7.91348e+08	245464
0.1575	947.594	136.486	7.89109e+08	244927
0.1585	946.983	138.046	7.86875e+08	244391
0.1595	946.372	139.606	7.84644e+08	243855
0.1605	945.761	141.166	7.82416e+08	243320
0.1615	945.149	142.725	7.80193e+08	242786
0.1625	944.538	144.285	7.77974e+08	242252
0.1635	943.926	145.845	7.75758e+08	241718
0.1645	943.314	147.405	7.73547e+08	241186
0.1655	942.701	148.965	7.71339e+08	240654
0.1665	942.088	150.525	7.69135e+08	240122
0.1675	941.475	152.084	7.66935e+08	239591
0.1685	940.862	153.644	7.64739e+08	239061
0.1695	940.248	155.204	7.62547e+08	238531
0.1705	939.634	156.764	7.60359e+08	238002
0.1715	939.02	158.324	7.58174e+08	237474
0.1725	938.405	159.884	7.55994e+08	236946
0.1735	937.791	161.444	7.53817e+08	236418
0.1745	937.176	163.003	7.51644e+08	235891
0.1755	936.56	164.563	7.49475e+08	235365
0.1765	935.945	166.123	7.47309e+08	234840
0.1775	935.329	167.683	7.45148e+08	234315
0.1785	934.712	169.243	7.4299e+08	233790
0.1795	934.096	170.803	7.40837e+08	233266
0.1805	933.479	172.362	7.38687e+08	232743
0.1815	932.862	173.922	7.36541e+08	232220
0.1825	932.245	175.482	7.34399e+08	231698
0.1835	931.627	177.042	7.3226e+08	231177
0.1845	931.009	178.602	7.30126e+08	230656
0.1855	930.391	180.162	7.27995e+08	230136
0.1865	929.773	181.722	7.25868e+08	229616
0.1875	929.154	183.281	7.23745e+08	229097
0.1885	928.535	184.841	7.21625e+08	228578
0.1895	927.915	186.401	7.1951e+08	228060
0.1905	927.296	187.961	7.17398e+08	227543
0.1915	926.676	189.521	7.1529e+08	227026
0.1925	926.056	191.081	7.13186e+08	226510
0.1935	925.435	192.64	7.11086e+08	225994
0.1945	924.814	194.2	7.08989e+08	225479
0.1955	924.193	195.76	7.06897e+08	224965
0.1965	923.572	197.32	7.04808e+08	224451
0.1975	922.95	198.88	7.02723e+08	223938
0.1985	922.328	200.44	7.00642e+08	223425
0.1995	921.706	202	6.98564e+08	222913
0.2005	921.083	203.559	6.9649e+08	222401
0.2015	920.46	205.119	6.9442e+08	221890
0.2025	919.837	206.679	6.92354e+08	221380
0.2035	919.214	208.239	6.90292e+08	220870
0.2045	918.59	209.799	6.88233e+08	220361
0.2055	917.966	211.359	6.86178e+08	219853
0.2065	917.342	212.919	6.84127e+08	219345
0.2075	916.717	214.478	6.8208e+08	218837
0.2085	916.092	216.038	6.80036e+08	218330
0.2095	915.467	217.598	6.77997e+08	217824
0.2105	914.841	219.158	6.75961e+08	217318
0.2115	914.215	220.718	6.73928e+08	216813
0.2125	913.589	222.278	6.719e+08	216309
0.2135	912.963	223.837	6.69875e+08	215805
0.2145	912.336	225.397	6.67854e+08	215302
0.2155	911.709	226.957	6.65837e+08	214799
0.2165	911.082	228.517	6.63823e+08	214297
0.2175	910.454	230.077	6.61813e+08	213796
0.2185	909.826	231.637	6.59807e+08	213295
0.2195	909.198	233.197	6.57805e+08	212794
0.2205	908.569	234.756	6.55807e+08	212294
0.2215	907.941	236.316	6.53812e+08	211795
0.2225	907.311	237.876	6.51821e+08	211297
0.2235	906.682	239.436	6.49833e+08	210799
0.2245	906.052	240.996	6.47849e+08	210301
0.2255	905.422	242.556	6.4587e+08	209804
0.2265	904.792	244.115	6.43893e+08	209308
0.2275	904.161	245.675	6.41921e+08	208813
0.2285	903.53	247.235	6.39952e+08	208318
0.2295	902.899	248.795	6.37987e+08	207823
0.2305	902.267	250.355	6.36025e+08	207329
0.2315	901.635	251.915	6.34068e+08	206836
0.2325	901.003	253.475	6.32114e+08	206343
0.2335	900.37	255.034	6.30164e+08	205851
0.2345	899.738	256.594	6.28217e+08	205360
0.2355	899.104	258.154	6.26274e+08	204869
0.2365	898.471	259.714	6.24335e+08	204378
0.2375	897.837	261.274	6.22399e+08	203888
0.2385	897.203	262.834	6.20468e+08	203399
0.2395	896.569	264.394	6.18539e+08	202911
0.2405	895.934	265.953	6.16615e+08	202423
0.2415	895.299	267.513	6.14694e+08	201935
0.2425	894.663	269.073	6.12777e+08	201448
0.2435	894.028	270.633	6.10864e+08	200962
0.2445	893.392	272.193	6.08954e+08	200477
0.2455	892.755	273.753	6.07048e+08	199991
0.2465	892.119	275.312	6.05145e+08	199507
0.2475	891.482	276.872	6.03247e+08	199023
0.2485	890.844	278.432	6.01351e+08	198540
0.2495	890.207	279.992	5.9946e+08	198057
0.2505	889.569	281.552	5.97572e+08	197575
0.2515	888.931	283.112	5.95688e+08	197093
0.2525	888.292	284.672	5.93808e+08	196612
0.2535	887.653	286.231	5.91931e+08	196132
0.2545	887.014	287.791	5.90058e+08	195652
0.2555	886.375	289.351	5.88188e+08	195173
0.2565	885.735	290.911	5.86322e+08	194694
0.2575	885.095	292.471	5.8446e+08	194216
0.2585	884.454	294.031	5.82601e+08	193739
0.2595	883.813	295.59	5.80746e+08	193262
0.2605	883.172	297.15	5.78895e+08	192786
0.2615	882.531	298.71	5.77047e+08	192310
0.2625	881.889	300.27	5.75203e+08	191835
0.2635	881.247	301.83	5.73362e+08	191361
0.2645	880.604	303.39	5.71525e+08	190887
0.2655	879.962	304.95	5.69692e+08	190413
0.2665	879.318	306.509	5.67862e+08	189941
0.2675	878.675	308.069	5.66036e+08	189469
0.2685	878.031	309.629	5.64214e+08	188997
0.2695	877.387	311.189	5.62395e+08	188526
0.2705	876.743	312.749	5.6058e+08	188056
0.2715	876.098	314.309	5.58768e+08	187586
0.2725	875.453	315.869	5.5696e+08	187117
0.2735	874.807	317.428	5.55156e+08	186648
0.2745	874.162	318.988	5.53355e+08	186180
0.2755	873.516	320.548	5.51558e+08	185713
0.2765	872.869	322.108	5.49764e+08	185246
0.2775	872.222	323.668	5.47974e+08	184779
0.2785	871.575	325.228	5.46187e+08	184314
0.2795	870.928	326.787	5.44404e+08	183849
0.2805	870.28	328.347	5.42625e+08	183384
0.2815	869.632	329.907	5.40849e+08	182920
0.2825	868.984	331.467	5.39077e+08	182457
0.2835	868.335	333.027	5.37308e+08	181994
0.2845	867.686	334.587	5.35543e+08	181532
0.2855	867.036	336.147	5.33782e+08	181070
0.2865	866.386	337.706	5.32024e+08	180609
0.2875	865.736	339.266	5.30269e+08	180149
0.2885	865.086	340.826	5.28519e+08	179689
0.2895	864.435	342.386	5.26771e+08	179230
0.2905	863.784	343.946	5.25027e+08	178771
0.2915	863.132	345.506	5.23287e+08	178313
0.2925	862.48	347.065	5.21551e+08	177856
0.2935	861.828	348.625	5.19817e+08	177399
0.2945	861.176	350.185	5.18088e+08	176943
0.2955	860.523	351.745	5.16362e+08	176487
0.2965	859.869	353.305	5.14639e+08	176032
0.2975	859.216	354.865	5.1292e+08	175577
0.2985	858.562	356.425	5.11205e+08	175124
0.2995	857.908	357.984	5.09493e+08	174670
0.3005	857.253	359.544	5.07785e+08	174217
0.3015	856.598	361.104	5.0608e+08	173765
0.3025	855.943	362.664	5.04378e+08	173314
0.3035	855.287	364.224	5.0268e+08	172863
0.3045	854.631	365.784	5.00986e+08	172412
0.3055	853.974	367.344	4.99295e+08	171962
0.3065	853.318	368.903	4.97608e+08	171513
0.3075	852.661	370.463	4.95924e+08	171065
0.3085	852.003	372.023	4.94244e+08	170617
0.3095	851.345	373.583	4.92567e+08	170169
0.3105	850.687	375.143	4.90894e+08	169722
0.3115	850.029	376.703	4.89224e+08	169276
0.3125	849.37	378.262	4.87558e+08	168830
0.3135	848.71	379.822	4.85895e+08	168385
0.3145	848.051	381.382	4.84235e+08	167941
0.3155	847.391	382.942	4.82579e+08	167497
0.3165	846.731	384.502	4.80927e+08	167053
0.3175	846.07	386.062	4.79278e+08	166610
0.3185	845.409	387.622	4.77633e+08	166168
0.3195	844.747	389.181	4.75991e+08	165727
0.3205	844.086	390.741	4.74352e+08	165286
0.3215	843.424	392.301	4.72717e+08	164845
0.3225	842.761	393.861	4.71085e+08	164405
0.3235	842.098	395.421	4.69457e+08	163966
0.3245	841.435	396.981	4.67833e+08	163528
0.3255	840.771	398.54	4.66211e+08	163090
0.3265	840.107	400.1	4.64594e+08	162652
0.3275	839.443	401.66	4.62979e+08	162215
0.3285	838.778	403.22	4.61368e+08	161779
0.3295	838.113	404.78	4.59761e+08	161343
0.3305	837.448	406.34	4.58157e+08	160908
0.3315	836.782	407.9	4.56556e+08	160473
0.3325	836.116	409.459	4.54959e+08	160040
0.3335	835.449	411.019	4.53366e+08	159606
0.3345	834.782	412.579	4.51775e+08	159173
0.3355	834.115	414.139	4.50189e+08	158741
0.3365	833.448	415.699	4.48605e+08	158310
0.3375	832.779	417.259	4.47025e+08	157879
0.3385	832.111	418.818	4.45449e+08	157448
0.3395	831.442	420.378	4.43876e+08	157018
0.3405	830.773	421.938	4.42306e+08	156589
0.3415	830.104	423.498	4.4074e+08	156160
0.3425	829.434	425.058	4.39177e+08	155732
0.3435	828.763	426.618	4.37617e+08	155305
0.3445	828.093	428.178	4.36061e+08	154878
0.3455	827.422	429.737	4.34508e+08	154452
0.3465	826.75	431.297	4.32959e+08	154026
0.3475	826.078	432.857	4.31413e+08	153601
0.3485	825.406	434.417	4.29871e+08	153176
0.3495	824.734	435.977	4.28331e+08	152752
0.3505	824.061	437.537	4.26796e+08	152329
0.3515	823.387	439.097	4.25263e+08	151906
0.3525	822.713	440.656	4.23734e+08	151484
0.3535	822.039	442.216	4.22209e+08	151062
0.3545	821.365	443.776	4.20687e+08	150641
0.3555	820.69	445.336	4.19168e+08	150221
0.3565	820.015	446.896	4.17652e+08	149801
0.3575	819.339	448.456	4.1614e+08	149382
0.3585	818.663	450.015	4.14631e+08	148963
0.3595	817.986	451.575	4.13126e+08	148545
0.3605	817.309	453.135	4.11624e+08	148127
0.3615	816.632	454.695	4.10125e+08	147710
0.3625	815.955	456.255	4.0863e+08	147294
0.3635	815.277	457.815	4.07138e+08	146878
0.3645	814.598	459.375	4.05649e+08	146463
0.3655	813.919	460.934	4.04164e+08	146049
0.3665	813.24	462.494	4.02682e+08	145635
0.3675	812.56	464.054	4.01204e+08	145221
0.3685	811.88	465.614	3.99728e+08	144808
0.3695	811.2	467.174	3.98256e+08	144396
0.3705	810.519	468.734	3.96788e+08	143985
0.3715	809.838	470.293	3.95323e+08	143574
0.3725	809.156	471.853	3.93861e+08	143163
0.3735	808.474	473.413	3.92402e+08	142753
0.3745	807.792	474.973	3.90947e+08	142344
0.3755	807.109	476.533	3.89495e+08	141935
0.3765	806.426	478.093	3.88046e+08	141527
0.3775	805.742	479.653	3.86601e+08	141120
0.3785	805.058	481.212	3.85159e+08	140713
0.3795	804.445	482.61	1.41905e+07	5188.26
0.3805	804.445	482.61	1.41905e+07	5188.26
0.3815	804.445	482.61	1.41905e+07	5188.26
0.3825	804.445	482.61	1.41905e+07	5188.26
0.3835	804.445	482.61	1.41905e+07	5188.26
0.3845	804.445	482.61	1.41905e+07	5188.26
0.3855	804.445	482.61	1.41905e+07	5188.26
0.3865	804.445	482.61	1.41905e+07	5188.26
0.3875	804.445	482.61	1.41905e+07	5188.26
0.3885	804.445	482.61	1.41905e+07	5188.26
0.3895	804.445	482.61	1.41905e+07	5188.26
0.3905	804.445	482.61	1.41905e+07	5188.26
0.3915	804.445	482.61	1.41905e+07	5188.26
0.3925	804.445	482.61	1.41905e+07	5188.26
0.3935	804.445	482.61	1.41905e+07	5188.26
0.3945	804.445	482.61	1.41905e+07	5188.26
0.3955	804.445	482.61	1.41905e+07	5188.26
0.3965	804.445	482.61	1.41905e+07	5188.26
0.3975	804.445	482.61	1.41905e+07	5188.26
0.3985	804.445	482.61	1.41905e+07	5188.26
0.3995	804.445	482.61	1.41905e+07	5188.26
0.4005	804.445	482.61	1.41905e+07	5188.26
0.4015	804.445	482.61	1.41905e+07	5188.26
0.4025	804.445	482.61	1.41905e+07	5188.26
0.4035	804.445	482.61	1.41905e+07	5188.26
0.4045	804.445	482.61	1.41905e+07	5188.26
0.4055	804.445	482.61	1.41905e+07	5188.26
0.4065	804.445	482.61	1.41905e+07	5188.26
0.4075	804.445	482.61	1.41905e+07	5188.26
0.4085	804.445	482.61	1.41905e+07	5188.26
0.4095	804.445	482.61	1.41905e+07	5188.26
0.4105	804.445	482.61	1.41905e+07	5188.26
0.4115	804.445	482.61	1.41905e+07	5188.26
0.4125	804.445	482.61	1.41905e+07	5188.26
0.4135	804.445	482.61	1.41905e+07	5188.26
0.4145	804.445	482.61	1.41905e+07	5188.26
0.4155	804.445	482.61	1.41905e+07	5188.26
0.4165	804.445	482.61	1.41905e+07	5188.26
0.4175	804.445	482.61	1.41905e+07	5188.26
0.4185	804.445	482.61	1.41905e+07	5188.26
0.4195	804.445	482.61	1.41905e+07	5188.26
0.4205	804.445	482.61	1.41905e+07	5188.26
0.4215	804.445	482.61	1.41905e+07	5188.26
0.4225	804.445	482.61	1.41905e+07	5188.26
0.4235	804.445	482.61	1.41905e+07	5188.26
0.4245	804.445	482.61	1.41905e+07	5188.26
0.4255	804.445	482.61	1.41905e+07	5188.26
0.4265	804.445	482.61	1.41905e+07	5188.26
0.4275	804.445	482.61	1.41905e+07	5188.26
0.4285	804.445	482.61	1.41905e+07	5188.26
0.4295	804.445	482.61	1.41905e+07	5188.26
0.4305	804.445	482.61	1.41905e+07	5188.26
0.4315	804.445	482.61	1.41905e+07	5188.26
0.4325	804.445	482.61	1.41905e+07	5188.26
0.4335	804.445	482.61	1.41905e+07	5188.26
0.4345	804.445	482.61	1.41905e+07	5188.26
0.4355	804.445	482.61	1.41905e+07	5188.26
0.4365	804.445	482.61	1.41905e+07	5188.26
0.4375	804.445	482.61	1.41905e+07	5188.26
0.4385	804.445	482.61	1.41905e+07	5188.26
0.4395	804.445	482.61	1.41905e+07	5188.26
0.4405	804.445	482.61	1.41905e+07	5188.26
0.4415	804.445	482.61	1.41905e+07	5188.26
0.4425	804.445	482.61	1.41905e+07	5188.26
0.4435	804.445	482.61	1.41905e+07	5188.26
0.4445	804.445	482.61	1.41905e+07	5188.26
0.4455	804.445	482.61	1.41905e+07	5188.26
0.4465	804.445	482.61	1.41905e+07	5188.26
0.4475	804.445	482.61	1.41905e+07	5188.26
0.4485	804.445	482.61	1.41905e+07	5188.26
0.4495	804.445	482.61	1.41905e+07	5188.26
0.4505	804.445	482.61	1.41905e+07	5188.26
0.4515	804.445	482.61	1.41905e+07	5188.26
0.4525	804.445	482.61	1.41905e+07	5188.26
0.4535	804.445	482.61	1.41905e+07	5188.26
0.4545	804.445	482.61	1.41905e+07	5188.26
0.4555	804.445	482.61	1.41905e+07	5188.26
0.4565	804.445	482.61	1.41905e+07	5188.26
0.4575	804.445	482.61	1.41905e+07	5188.26
0.4585	804.445	482.61	1.41905e+07	5188.26
0.4595	804.445	482.61	1.41905e+07	5188.26
0.4605	804.445	482.61	1.41905e+07	5188.26
0.4615	804.445	482.61	1.41905e+07	5188.26
0.4625	804.445	482.61	1.41905e+07	5188.26
0.4635	804.445	482.61	1.41905e+07	5188.26
0.4645	804.445	482.61	1.41905e+07	5188.26
0.4655	804.445	482.61	1.41905e+07	5188.26
0.4665	804.445	482.61	1.41905e+07	5188.26
0.4675	804.445	482.61	1.41905e+07	5188.26
0.4685	804.445	482.61	1.41905e+07	5188.26
0.4695	804.445	482.61	1.41905e+07	5188.26
0.4705	804.445	482.61	1.41905e+07	5188.26
0.4715	804.445	482.61	1.41905e+07	5188.26
0.4725	804.445	482.61	1.41905e+07	5188.26
0.4735	804.445	482.61	1.41905e+07	5188.26
0.4745	804.445	482.61	1.41905e+07	5188.26
0.4755	804.445	482.61	1.41905e+07	5188.26
0.4765	804.445	482.61	1.41905e+07	5188.26
0.4775	804.445	482.61	1.41905e+07	5188.26
0.4785	804.445	482.61	1.41905e+07	5188.26
0.4795	804.445	482.61	1.41905e+07	5188.26
0.4805	804.445	482.61	1.41905e+07	5188.26
0.4815	804.445	482.61	1.41905e+07	5188.26
0.4825	804.445	482.61	1.41905e+07	5188.26
0.4835	804.445	482.61	1.41905e+07	5188.26
0.4845	804.445	482.61	1.41905e+07	5188.26
0.4855	804.445	482.61	1.41905e+07	5188.26
0.4865	804.445	482.61	1.41905e+07	5188.26
0.4875	804.445	482.61	1.41905e+07	5188.26
0.4885	804.445	482.61	1.41905e+07	5188.26
0.4895	804.445	482.61	1.41905e+07	5188.26
0.4905	804.445	482.61	1.41905e+07	5188.26
0.4915	804.445	482.61	1.41905e+07	5188.26
0.4925	804.445	482.61	1.41905e+07	5188.26
0.4935	804.445	482.61	1.41905e+07	5188.26
0.4945	804.445	482.61	1.41905e+07	5188.26
0.4955	804.445	482.61	1.41905e+07	5188.26
0.4965	804.445	482.61	1.41905e+07	5188.26
0.4975	804.445	482.61	1.41905e+07	5188.26
0.4985	804.445	482.61	1.41905e+07	5188.26
0.4995	804.445	482.61	1.41905e+07	5188.26
0.5005	804.445	482.61	1.41905e+07	5188.26
0.5015	804.445	482.61	1.41905e+07	5188.26
0.5025	804.445	482.61	1.41905e+07	5188.26
0.5035	804.445	482.61	1.41905e+07	5188.26
0.5045	804.445	482.61	1.41905e+07	5188.26
0.5055	804.445	482.61	1.41905e+07	5188.26
0.5065	804.445	482.61	1.41905e+07	5188.26
0.5075	804.445	482.61	1.41905e+07	5188.26
0.5085	804.445	482.61	1.41905e+07	5188.26
0.5095	804.445	482.61	1.41905e+07	5188.26
0.5105	804.445	482.61	1.41905e+07	5188.26
0.5115	804.445	482.61	1.41905e+07	5188.26
0.5125	804.445	482.61	1.41905e+07	5188.26
0.5135	804.445	482.61	1.41905e+07	5188.26
0.5145	804.445	482.61	1.41905e+07	5188.26
0.5155	804.445	482.61	1.41905e+07	5188.26
0.5165	804.445	482.61	1.41905e+07	5188.26
0.5175	804.445	482.61	1.41905e+07	5188.26
0.5185	804.445	482.61	1.41905e+07	5188.26
0.5195	804.445	482.61	1.41905e+07	5188.26
0.5205	804.445	482.61	1.41905e+07	5188.26
0.5215	804.445	482.61	1.41905e+07	5188.26
0.5225	804.445	482.61	1.41905e+07	5188.26
0.5235	804.445	482.61	1.41905e+07	5188.26
0.5245	804.445	482.61	1.41905e+07	5188.26
0.5255	804.445	482.61	1.41905e+07	5188.26
0.5265	804.445	482.61	1.41905e+07	5188.26
0.5275	804.445	482.61	1.41905e+07	5188.26
0.5285	804.445	482.61	1.41905e+07	5188.26
0.5295	804.445	482.61	1.41905e+07	5188.26
0.5305	804.445	482.61	1.41905e+07	5188.26
0.5315	804.445	482.61	1.41905e+07	5188.26
0.5325	804.445	482.61	1.41905e+07	5188.26
0.5335	804.445	482.61	1.41905e+07	5188.26
0.5345	804.445	482.61	1.41905e+07	5188.26
0.5355	804.445	482.61	1.41905e+07	5188.26
0.5365	804.445	482.61	1.41905e+07	5188.26
0.5375	804.445	482.61	1.41905e+07	5188.26
0.5385	804.445	482.61	1.41905e+07	5188.26
0.5395	804.445	482.61	1.41905e+07	5188.26
0.5405	804.445	482.61	1.41905e+07	5188.26
0.5415	804.445	482.61	1.41905e+07	5188.26
0.5425	804.445	482.61	1.41905e+07	5188.26
0.5435	804.445	482.61	1.41905e+07	5188.26
0.5445	804.445	482.61	1.41905e+07	5188.26
0.5455	804.445	482.61	1.41905e+07	5188.26
0.5465	804.445	482.61	1.41905e+07	5188.26
0.5475	804.445	482.61	1.41905e+07	5188.26
0.5485	804.445	482.61	1.41905e+07	5188.26
0.5495	804.445	482.61	1.41905e+07	5188.26
0.5505	804.445	482.61	1.41905e+07	5188.26
0.5515	804.445	482.61	1.41905e+07	5188.26
0.5525	804.445	482.61	1.41905e+07	5188.26
0.5535	804.445	482.61	1.41905e+07	5188.26
0.5545	804.445	482.61	1.41905e+07	5188.26
0.5555	804.445	482.61	1.41905e+07	5188.26
0.5565	804.445	482.61	1.41905e+07	5188.26
0.5575	804.445	482.61	1.41905e+07	5188.26
0.5585	804.445	482.61	1.41905e+07	5188.26
0.5595	804.445	482.61	1.41905e+07	5188.26
0.5605	804.445	482.61	1.41905e+07	5188.26
0.5615	804.445	482.61	1.41905e+07	5188.26
0.5625	804.445	482.61	1.41905e+07	5188.26
0.5635	804.445	482.61	1.41905e+07	5188.26
0.5645	804.445	482.61	1.41905e+07	5188.26
0.5655	804.445	482.61	1.41905e+07	5188.26
0.5665	804.445	482.61	1.41905e+07	5188.26
0.5675	804.445	482.61	1.41905e+07	5188.26
0.5685	804.445	482.61	1.41905e+07	5188.26
0.5695	804.445	482.61	1.41905e+07	5188.26
0.5705	804.445	482.61	1.41905e+07	5188.26
0.5715	804.445	482.61	1.41905e+07	5188.26
0.5725	804.445	482.61	1.41905e+07	5188.26
0.5735	804.445	482.61	1.41905e+07	5188.26
0.5745	804.445	482.61	1.41905e+07	5188.26
0.5755	804.445	482.61	1.41905e+07	5188.26
0.5765	804.445	482.61	1.41905e+07	5188.26
0.5775	804.445	482.61	1.41905e+07	5188.26
0.5785	804.445	482.61	1.41905e+07	5188.26
0.5795	804.445	482.61	1.41905e+07	5188.26
0.5805	804.445	482.61	1.41905e+07	5188.26
0.5815	804.445	482.61	1.41905e+07	5188.26
0.5825	804.445	482.61	1.41905e+07	5188.26
0.5835	804.445	482.61	1.41905e+07	5188.26
0.5845	804.445	482.61	1.41905e+07	5188.26
0.5855	804.445	482.61	1.41905e+07	5188.26
0.5865	804.445	482.61	1.41905e+07	5188.26
0.5875	804.445	482.61	1.41905e+07	5188.26
0.5885	804.445	482.61	1.41905e+07	5188.26
0.5895	804.445	482.61	1.41905e+07	5188.26
0.5905	804.445	482.61	1.41905e+07	5188.26
0.5915	804.445	482.61	1.41905e+07	5188.26
0.5925	804.445	482.61	1.41905e+07	5188.26
0.5935	804.445	482.61	1.41905e+07	5188.26
0.5945	804.445	482.61	1.41905e+07	5188.26
0.5955	804.445	482.61	1.41905e+07	5188.26
0.5965	804.445	482.61	1.41905e+07	5188.26
0.5975	804.445	482.61	1.41905e+07	5188.26
0.5985	804.445	482.61	1.41905e+07	5188.26
0.5995	804.445	482.61	1.41905e+07	5188.26
0.6005	804.445	482.61	1.41905e+07	5188.26
0.6015	804.445	482.61	1.41905e+07	5188.26
0.6025	804.445	482.61	1.41905e+07	5188.26
0.6035	804.445	482.61	1.41905e+07	5188.26
0.6045	804.445	482.61	1.41905e+07	5188.26
0.6055	804.445	482.61	1.41905e+07	5188.26
0.6065	804.445	482.61	1.41905e+07	5188.26
0.6075	804.445	482.61	1.41905e+07	5188.26
0.6085	804.445	482.61	1.41905e+07	5188.26
0.6095	804.445	482.61	1.41905e+07	5188.26
0.6105	804.445	482.61	1.41905e+07	5188.26
0.6115	804.445	482.61	1.41905e+07	5188.26
0.6125	804.445	482.61	1.41905e+07	5188.26
0.6135	804.445	482.61	1.41905e+07	5188.26
0.6145	804.445	482.61	1.41905e+07	5188.26
0.6155	804.445	482.61	1.41905e+07	5188.26
0.6165	804.445	482.61	1.41905e+07	5188.26
0.6175	804.445	482.61	1.41905e+07	5188.26
0.6185	804.445	482.61	1.41905e+07	5188.26
0.6195	804.445	482.61	1.41905e+07	5188.26
0.6205	804.445	482.61	1.41905e+07	5188.26
0.6215	804.445	482.61	1.41905e+07	5188.26
0.6225	804.445	482.61	1.41905e+07	5188.26
0.6235	804.445	482.61	1.41905e+07	5188.26
0.6245	804.445	482.61	1.41905e+07	5188.26
0.6255	804.445	482.61	1.41905e+07	5188.26
0.6265	804.445	482.61	1.41905e+07	5188.26
0.6275	804.445	482.61	1.41905e+07	5188.26
0.6285	804.445	482.61	1.41905e+07	5188.26
0.6295	804.445	482.61	1.41905e+07	5188.26
0.6305	804.445	482.61	1.41905e+07	5188.26
0.6315	804.445	482.61	1.41905e+07	5188.26
0.6325	804.445	482.61	1.41905e+07	5188.26
0.6335	804.445	482.61	1.41905e+07	5188.26
0.6345	804.445	482.61	1.41905e+07	5188.26
0.6355	804.445	482.61	1.41905e+07	5188.26
0.6365	804.445	482.61	1.41905e+07	5188.26
0.6375	804.445	482.61	1.41905e+07	5188.26
0.6385	804.445	482.61	1.41905e+07	5188.26
0.6395	804.445	482.61	1.41905e+07	5188.26
0.6405	804.445	482.61	1.41905e+07	5188.26
0.6415	804.445	482.61	1.41905e+07	5188.26
0.6425	804.445	482.61	1.41905e+07	5188.26
0.6435	804.445	482.61	1.41905e+07	5188.26
0.6445	804.445	482.61	1.41905e+07	5188.26
0.6455	804.445	482.61	1.41905e+07	5188.26
0.6465	804.445	482.61	1.41905e+07	5188.26
0.6475	804.445	482.61	1.41905e+07	5188.26
0.6485	804.445	482.61	1.41905e+07	5188.26
0.6495	804.445	482.61	1.41905e+07	5188.26
0.6505	804.445	482.61	1.41905e+07	5188.26
0.6515	804.445	482.61	1.41905e+07	5188.26
0.6525	804.445	482.61	1.41905e+07	5188.26
0.6535	804.445	482.61	1.41905e+07	5188.26
0.6545	804.445	482.61	1.41905e+07	5188.26
0.6555	804.445	482.61	1.41905e+07	5188.26
0.6565	804.445	482.61	1.41905e+07	5188.26
0.6575	804.445	482.61	1.41905e+07	5188.26
0.6585	804.445	482.61	1.41905e+07	5188.26
0.6595	804.445	482.61	1.41905e+07	5188.26
0.6605	804.445	482.61	1.41905e+07	5188.26
0.6615	804.445	482.61	1.41905e+07	5188.26
0.6625	804.445	482.61	1.41905e+07	5188.26
0.6635	804.445	482.61	1.41905e+07	5188.26
0.6645	804.445	482.61	1.41905e+07	5188.26
0.6655	804.445	482.61	1.41905e+07	5188.26
0.6665	804.445	482.61	1.41905e+07	5188.26
0.6675	804.445	482.61	1.41905e+07	5188.26
0.6685	804.445	482.61	1.41905e+07	5188.26
0.6695	804.445	482.61	1.41905e+07	5188.26
0.6705	804.445	482.61	1.41905e+07	5188.26
0.6715	804.445	482.61	1.41905e+07	5188.26
0.6725	804.445	482.61	1.41905e+07	5188.26
0.6735	804.445	482.61	1.41905e+07	5188.26
0.6745	804.445	482.61	1.41905e+07	5188.26
0.6755	804.445	482.61	1.41905e+07	5188.26
0.6765	804.445	482.61	1.41905e+07	5188.26
0.6775	804.445	482.61	1.41905e+07	5188.26
0.6785	804.445	482.61	1.41905e+07	5188.26
0.6795	804.445	482.61	1.41905e+07	5188.26
0.6805	804.445	482.61	1.41905e+07	5188.26
0.6815	804.445	482.61	1.41905e+07	5188.26
0.6825	804.445	482.61	1.41905e+07	5188.26
0.6835	804.445	482.61	1.41905e+07	5188.26
0.6845	804.445	482.61	1.41905e+07	5188.26
0.6855	804.445	482.61	1.41905e+07	5188.26
0.6865	804.445	482.61	1.41905e+07	5188.26
0.6875	804.445	482.61	1.41905e+07	5188.26
0.6885	804.445	482.61	1.41905e+07	5188.26
0.6895	804.445	482.61	1.41905e+07	5188.26
0.6905	804.445	482.61	1.41905e+07	5188.26
0.6915	804.445	482.61	1.41905e+07	5188.26
0.6925	804.445	482.61	1.41905e+07	5188.26
0.6935	804.445	482.61	1.41905e+07	5188.26
0.6945	804.445	482.61	1.41905e+07	5188.26
0.6955	804.445	482.61	1.41905e+07	5188.26
0.6965	804.445	482.61	1.41905e+07	5188.26
0.6975	804.445	482.61	1.41905e+07	5188.26
0.6985	804.445	482.61	1.41905e+07	5188.26
0.6995	804.445	482.61	1.41905e+07	5188.26
0.7005	804.445	482.61	1.41905e+07	5188.26
0.7015	804.445	482.61	1.41905e+07	5188.26
0.7025	804.445	482.61	1.41905e+07	5188.26
0.7035	804.445	482.61	1.41905e+07	5188.26
0.7045	804.445	482.61	1.41905e+07	5188.26
0.7055	804.445	482.61	1.41905e+07	5188.26
0.7065	804.445	482.61	1.41905e+07	5188.26
0.7075	804.445	482.61	1.41905e+07	5188.26
0.7085	804.445	482.61	1.41905e+07	5188.26
0.7095	804.445	482.61	1.41905e+07	5188.26
0.7105	804.445	482.61	1.41905e+07	5188.26
0.7115	804.445	482.61	1.41905e+07	5188.26
0.7125	804.445	482.61	1.41905e+07	5188.26
0.7135	804.445	482.61	1.41905e+07	5188.26
0.7145	804.445	482.61	1.41905e+07	5188.26
0.7155	804.445	482.61	1.41905e+07	5188.26
0.7165	804.445	482.61	1.41905e+07	5188.26
0.7175	804.445	482.61	1.41905e+07	5188.26
0.7185	804.445	482.61	1.41905e+07	5188.26
0.7195	804.445	482.61	1.41905e+07	5188.26
0.7205	804.445	482.61	1.41905e+07	5188.26
0.7215	804.445	482.61	1.41905e+07	5188.26
0.7225	804.445	482.61	1.41905e+07	5188.26
0.7235	804.445	482.61	1.41905e+07	5188.26
0.7245	804.445	482.61	1.41905e+07	5188.26
0.7255	804.445	482.61	1.41905e+07	5188.26
0.7265	804.445	482.61	1.41905e+07	5188.26
0.7275	804.445	482.61	1.41905e+07	5188.26
0.7285	804.445	482.61	1.41905e+07	5188.26
0.7295	804.445	482.61	1.41905e+07	5188.26
0.7305	804.445	482.61	1.41905e+07	5188.26
0.7315	804.445	482.61	1.41905e+07	5188.26
0.7325	804.445	482.61	1.41905e+07	5188.26
0.7335	804.445	482.61	1.41905e+07	5188.26
0.7345	804.445	482.61	1.41905e+07	5188.26
0.7355	804.445	482.61	1.41905e+07	5188.26
0.7365	804.445	482.61	1.41905e+07	5188.26
0.7375	804.445	482.61	1.41905e+07	5188.26
0.7385	804.445	482.61	1.41905e+07	5188.26
0.7395	804.445	482.61	1.41905e+07	5188.26
0.7405	804.445	482.61	1.41905e+07	5188.26
0.7415	804.445	482.61	1.41905e+07	5188.26
0.7425	804.445	482.61	1.41905e+07	5188.26
0.7435	804.445	482.61	1.41905e+07	5188.26
0.7445	804.445	482.61	1.41905e+07	5188.26
0.7455	804.445	482.61	1.41905e+07	5188.26
0.7465	804.445	482.61	1.41905e+07	5188.26
0.7475	804.445	482.61	1.41905e+07	5188.26
0.7485	804.445	482.61	1.41905e+07	5188.26
0.7495	804.445	482.61	1.41905e+07	5188.26
0.7505	804.445	482.61	1.41905e+07	5188.26
0.7515	804.445	482.61	1.41905e+07	5188.26
0.7525	804.445	482.61	1.41905e+07	5188.26
0.7535	804.445	482.61	1.41905e+07	5188.26
0.7545	804.445	482.61	1.41905e+07	5188.26
0.7555	804.445	482.61	1.41905e+07	5188.26
0.7565	804.445	482.61	1.41905e+07	5188.26
0.7575	804.445	482.61	1.41905e+07	5188.26
0.7585	804.445	482.61	1.41905e+07	5188.26
0.7595	804.445	482.61	1.41905e+07	5188.26
0.7605	804.445	482.61	1.41905e+07	5188.26
0.7615	804.445	482.61	1.41905e+07	5188.26
0.7625	804.445	482.61	1.41905e+07	5188.26
0.7635	804.445	482.61	1.41905e+07	5188.26
0.7645	804.445	482.61	1.41905e+07	5188.26
0.7655	804.445	482.61	1.41905e+07	5188.26
0.7665	804.445	482.61	1.41905e+07	5188.26
0.7675	804.445	482.61	1.41905e+07	5188.26
0.7685	804.445	482.61	1.41905e+07	5188.26
0.7695	804.445	482.61	1.41905e+07	5188.26
0.7705	804.445	482.61	1.41905e+07	5188.26
0.7715	804.445	482.61	1.41905e+07	5188.26
0.7725	804.445	482.61	1.41905e+07	5188.26
0.7735	804.445	482.61	1.41905e+07	5188.26
0.7745	804.445	482.61	1.41905e+07	5188.26
0.7755	804.445	482.61	1.41905e+07	5188.26
0.7765	804.445	482.61	1.41905e+07	5188.26
0.7775	804.445	482.61	1.41905e+07	5188.26
0.7785	804.445	482.61	1.41905e+07	5188.26
0.7795	804.445	482.61	1.41905e+07	5188.26
0.7805	804.445	482.61	1.41905e+07	5188.26
0.7815	804.445	482.61	1.41905e+07	5188.26
0.7825	804.445	482.61	1.41905e+07	5188.26
0.7835	804.445	482.61	1.41905e+07	5188.26
0.7845	804.445	482.61	1.41905e+07	5188.26
0.7855	804.445	482.61	1.41905e+07	5188.26
0.7865	804.445	482.61	1.41905e+07	5188.26
0.7875	804.445	482.61	1.41905e+07	5188.26
0.7885	804.445	482.61	1.41905e+07	5188.26
0.7895	804.445	482.61	1.41905e+07	5188.26
0.7905	804.445	482.61	1.41905e+07	5188.26
0.7915	804.445	482.61	1.41905e+07	5188.26
0.7925	804.445	482.61	1.41905e+07	5188.26
0.7935	804.445	482.61	1.41905e+07	5188.26
0.7945	804.445	482.61	1.41905e+07	5188.26
0.7955	804.445	482.61	1.41905e+07	5188.26
0.7965	804.445	482.61	1.41905e+07	5188.26
0.7975	804.445	482.61	1.41905e+07	5188.26
0.7985	804.445	482.61	1.41905e+07	5188.26
0.7995	804.445	482.61	1.41905e+07	5188.26
0.8005	804.445	482.61	1.41905e+07	5188.26
0.8015	804.445	482.61	1.41905e+07	5188.26
0.8025	804.445	482.61	1.41905e+07	5188.26
0.8035	804.445	482.61	1.41905e+07	5188.26
0.8045	804.445	482.61	1.41905e+07	5188.26
0.8055	804.445	482.61	1.41905e+07	5188.26
0.8065	804.445	482.61	1.41905e+07	5188.26
0.8075	804.445	482.61	1.41905e+07	5188.26
0.8085	804.445	482.61	1.41905e+07	5188.26
0.8095	804.445	482.61	1.41905e+07	5188.26
0.8105	804.445	482.61	1.41905e+07	5188.26
0.8115	804.445	482.61	1.41905e+07	5188.26
0.8125	804.445	482.61	1.41905e+07	5188.26
0.8135	804.445	482.61	1.41905e+07	5188.26
0.8145	804.445	482.61	1.41905e+07	5188.26
0.8155	288.168	482.61	1.41905e+07	123109
0.8165	288.168	482.61	1.41905e+07	123109
0.8175	288.168	482.61	1.41905e+07	123109
0.8185	288.168	482.61	1.41905e+07	123109
0.8195	288.168	482.61	1.41905e+07	123109
0.8205	288.168	482.61	1.41905e+07	123109
0.8215	288.168	482.61	1.41905e+07	123109
0.8225	288.168	482.61	1.41905e+07	123109
0.8235	288.168	482.61	1.41905e+07	123109
0.8245	288.168	482.61	1.41905e+07	123109
0.8255	288.168	482.61	1.41905e+07	123109
0.8265	288.168	482.61	1.41905e+07	123109
0.8275	288.168	482.61	1.41905e+07	123109
0.8285	288.168	482.61	1.41905e+07	123109
0.8295	288.168	482.61	1.41905e+07	123109
0.8305	288.168	482.61	1.41905e+07	123109
0.8315	288.168	482.61	1.41905e+07	123109
0.8325	288.168	482.61	1.41905e+07	123109
0.8335	288.168	482.61	1.41905e+07	123109
0.8345	288.168	482.61	1.41905e+07	123109
0.8355	288.168	482.61	1.41905e+07	123109
0.8365	288.168	482.61	1.41905e+07	123109
0.8375	288.168	482.61	1.41905e+07	123109
0.8385	288.168	482.61	1.41905e+07	123109
0.8395	50	0	100000	5000
0.8405	50	0	100000	5000
0.8415	50	0	100000	5000
0.8425	50	0	100000	5000
0.8435	50	0	100000	5000
0.8445	50	0	100000	5000
0.8455	50	0	100000	5000
0.8465	50	0	100000	5000
0.8475	50	0	100000	5000
0.8485	50	0	100000	5000
0.8495	50	0	100000	5000
0.8505	50	0	100000	5000
0.8515	50	0	100000	5000
0.8525	50	0	100000	5000
0.8535	50	0	100000	5000
0.8545	50	0	100000	5000
0.8555	50	0	100000	5000
0.8565	50	0	100000	5000
0.8575	50	0	100000	5000
0.8585	50	0	100000	5000
0.8595	50	0	100000	5000
0.8605	50	0	100000	5000
0.8615	50	0	100000	5000
0.8625	50	0	100000	5000
0.8635	50	0	100000	5000
0.8645	50	0	100000	5000
0.8655	50	0	100000	5000
0.8665	50	0	100000	5000
0.8675	50	0	100000	5000
0.8685	50	0	100000	5000
0.8695	50	0	100000	5000
0.8705	50	0	100000	5000
0.8715	50	0	100000	5000
0.8725	50	0	100000	5000
0.8735	50	0	100000	5000
0.8745	50	0	100000	5000
0.8755	50	0	100000	5000
0.8765	50	0	100000	5000
0.8775	50	0	100000	5000
0.8785	50	0	100000	5000
0.8795	50	0	100000	5000
0.8805	50	0	100000	5000
0.8815	50	0	100000	5000
0.8825	50	0	100000	5000
0.8835	50	0	100000	5000
0.8845	50	0	100000	5000
0.8855	50	0	100000	5000
0.8865	50	0	100000	5000
0.8875	50	0	100000	5000
0.8885	50	0	100000	5000
0.8895	50	0	100000	5000
0.8905	50	0	100000	5000
0.8915	50	0	100000	5000
0.8925	50	0	100000	5000
0.8935	50	0	100000	5000
0.8945	50	0	100000	5000
0.8955	50	0	100000	5000
0.8965	50	0	100000	5000
0.8975	50	0	100000	5000
0.8985	50	0	100000	5000
0.8995	50	0	100000	5000
0.9005	50	0	100000	5000
0.9015	50	0	100000	5000
0.9025	50	0	100000	5000
0.9035	50	0	100000	5000
0.9045	50	0	100000	5000
0.9055	50	0	100000	5000
0.9065	50	0	100000	5000
0.9075	50	0	100000	5000
0.9085	50	0	100000	5000
0.9095	50	0	100000	5000
0.9105	50	0	100000	5000
0.9115	50	0	100000	5000
0.9125	50	0	100000	5000
0.9135	50	0	100000	5000
0.9145	50	0	100000	5000
0.9155	50	0	100000	5000
0.9165	50	0	100000	5000
0.9175	50	0	100000	5000
0.9185	50	0	100000	5000
0.9195	50	0	100000	5000
0.9205	50	0	100000	5000
0.9215	50	0	100000	5000
0.9225	50	0	100000	5000
0.9235	50	0	100000	5000
0.9245	50	0	100000	5000
0.9255	50	0	100000	5000
0.9265	50	0	100000	5000
0.9275	50	0	100000	5000
0.9285	50	0	100000	5000
0.9295	50	0	100000	5000
0.9305	50	0	100000	5000
0.9315	50	0	100000	5000
0.9325	50	0	100000	5000
0.9335	50	0	100000	5000
0.9345	50	0	100000	5000
0.9355	50	0	100000	5000
0.9365	50	0	100000	5000
0.9375	50	0	100000	5000
0.9385	50	0	100000	5000
0.9395	50	0	100000	5000
0.9405	50	0	100000	5000
0.9415	50	0	100000	5000
0.9425	50	0	100000	5000
0.9435	50	0	100000	5000
0.9445	50	0	100000	5000
0.9455	50	0	100000	5000
0.9465	50	0	100000	5000
0.9475	50	0	100000	5000
0.9485	50	0	100000	5000
0.9495	50	0	100000	5000
0.9505	50	0	100000	5000
0.9515	50	0	100000	5000
0.9525	50	0	100000	5000
0.9535	50	0	100000	5000
0.9545	50	0	100000	5000
0.9555	50	0	100000	5000
0.9565	50	0	100000	5000
0.9575	50	0	100000	5000
0.9585	50	0	100000	5000
0.9595	50	0	100000	5000
0.9605	50	0	100000	5000
0.9615	50	0	100000	5000
0.9625	50	0	100000	5000
0.9635	50	0	100000	5000
0.9645	50	0	100000	5000
0.9655	50	0	100000	5000
0.9665	50	0	100000	5000
0.9675	50	0	100000	5000
0.9685	50	0	100000	5000
0.9695	50	0	100000	5000
0.9705	50	0	100000	5000
0.9715	50	0	100000	5000
0.9725	50	0	100000	5000
0.9735	50	0	100000	5000
0.9745	50	0	100000	5000
0.9755	50	0	100000	5000
0.9765	50	0	100000	5000
0.9775	50	0	100000	5000
0.9785	50	0	100000	5000
0.9795	50	0	100000	5000
0.9805	50	0	100000	5000
0.9815	50	0	100000	5000
0.9825	50	0	100000	5000
0.9835	50	0	100000	5000
0.9845	50	0	100000	5000
0.9855	50	0	100000	5000
0.9865	50	0	100000	5000
0.9875	50	0	100000	5000
0.9885	50	0	100000	5000
0.9895	50	0	100000	5000
0.9905	50	0	100000	5000
0.9915	50	0	100000	5000
0.9925	50	0	100000	5000
0.9935	50	0	100000	5000
0.9945	50	0	100000	5000
0.9955	50	0	100000	5000
0.9965	50	0	100000	5000
0.9975	50	0	100000	5000
0.9985	50	0	100000	5000
0.9995	50	0	100000	5000
