 1.69428 0.483518

 1.66097 0.504197

 1.62426 0.517981

1.58557 0.52434

 1.54639 0.523028

 1.50821 0.514098

 1.47251 0.497891

 1.44066 0.475031

 1.41388 0.446396

  1.3932 0.413086

 1.37942 0.376382

 1.37306 0.337694

1.37437 0.29851

  1.3833 0.260333

 1.39951 0.224633

 1.42237 0.192781

1.451 0.166

1.48431 0.14532

 1.52101 0.131536

  1.5597 0.125177

 1.59889 0.126488

 1.63706 0.135419

 1.67276 0.151626

 1.70462 0.174486

  1.7314 0.203121

1.75208 0.23643

 1.76586 0.273134

 1.77222 0.311822

 1.77091 0.351007

 1.76198 0.389183

 1.74577 0.424883

 1.72291 0.456736

 1.69428 0.483518

 1.66097 0.504197

 1.62426 0.517981

1.58557 0.52434

 1.54639 0.523028

 1.50821 0.514098

 1.47251 0.497891

 1.44066 0.475031

 1.41388 0.446396

  1.3932 0.413086

 1.37942 0.376382

 1.37306 0.337694

1.37437 0.29851

  1.3833 0.260333

 1.39951 0.224633

 1.42237 0.192781

1.451 0.166

1.48431 0.14532

 1.52101 0.131536

  1.5597 0.125177

 1.59889 0.126488

 1.63706 0.135419

 1.67276 0.151626

 1.70462 0.174486

  1.7314 0.203121

1.75208 0.23643

 1.76586 0.273134

 1.77222 0.311822

 1.77091 0.351007

 1.76198 0.389183

 1.74577 0.424883

 1.72291 0.456736

