0.9 0.5

0.898079 0.519509

0.892388 0.538268

0.883147 0.555557

0.870711 0.570711

0.855557 0.583147

0.838268 0.592388

0.819509 0.598079

0.8 0.6

0.780491 0.598079

0.761732 0.592388

0.744443 0.583147

0.729289 0.570711

0.716853 0.555557

0.707612 0.538269

0.701922 0.519509

0.7 0.5

0.701921 0.480491

0.707612 0.461732

0.716853 0.444443

0.729289  0.42929

0.744443 0.416853

0.761731 0.407612

0.780491 0.401922

0.8 0.4

0.819509 0.401921

0.838268 0.407612

0.855557 0.416853

 0.87071 0.429289

0.883147 0.444443

0.892388 0.461731

0.898078  0.48049

0.9 0.5

0.898079 0.519509

0.892388 0.538268

0.883147 0.555557

0.870711 0.570711

0.855557 0.583147

0.838268 0.592388

0.819509 0.598079

0.8 0.6

0.780491 0.598079

0.761732 0.592388

0.744443 0.583147

0.729289 0.570711

0.716853 0.555557

0.707612 0.538269

0.701922 0.519509

0.7 0.5

0.701921 0.480491

0.707612 0.461732

0.716853 0.444443

0.729289  0.42929

0.744443 0.416853

0.761731 0.407612

0.780491 0.401922

0.8 0.4

0.819509 0.401921

0.838268 0.407612

0.855557 0.416853

 0.87071 0.429289

0.883147 0.444443

0.892388 0.461731

0.898078  0.48049

