40	-0.00426646  -0.0115382	0.0123018
80	-0.00172474 -0.00386283	0.00423039
120	 0.000118903 -5.32795e-05	0.000130295
160	-0.000565473  -0.00109469	0.00123211
200	-0.000122748 -9.30076e-05	0.000154005
240	-4.39081e-05 -9.26689e-05	0.000102545
280	-0.000159591  1.49938e-05	0.000160294
320	-0.000241235 -0.000375122	0.000445994
360	-0.000184702 -0.000195472	0.000268931
400	-0.000104295 -9.51024e-05	0.000141145
440	-7.53774e-05 -4.34106e-06	7.55023e-05
480	-8.77742e-05  -0.00010058	0.000133494
520	-0.000170492 -0.000302539	0.000347271
560	-9.57576e-05 -5.18271e-05	0.000108883
600	-0.000143614 -0.000188549	0.000237015
640	 -9.7998e-05 -0.000131659	0.000164127
680	-7.68415e-05 -8.08209e-05	0.00011152
720	-0.000108543 -0.000111186	0.000155383
760	-8.66835e-05 -6.27924e-05	0.000107037
