0.00125	1.33327	111.796	149995	281254
0.00375	1.33327	111.796	149995	281254
0.00625	1.33327	111.796	149995	281254
0.00875	1.33327	111.796	149995	281254
0.01125	1.33327	111.796	149995	281254
0.01375	1.33327	111.796	149995	281254
0.01625	1.33327	111.796	149995	281254
0.01875	1.33327	111.796	149995	281254
0.02125	1.33327	111.796	149995	281254
0.02375	1.33327	111.796	149995	281254
0.02625	1.33327	111.796	149995	281254
0.02875	1.33327	111.796	149995	281254
0.03125	1.33327	111.796	149995	281254
0.03375	1.33327	111.796	149995	281254
0.03625	1.33327	111.796	149995	281254
0.03875	1.33327	111.796	149995	281254
0.04125	1.33327	111.795	149995	281254
0.04375	1.33327	111.795	149995	281254
0.04625	1.33327	111.795	149995	281254
0.04875	1.33327	111.795	149995	281254
0.05125	1.33327	111.795	149995	281255
0.05375	1.33327	111.795	149995	281255
0.05625	1.33327	111.795	149995	281255
0.05875	1.33327	111.795	149995	281255
0.06125	1.33327	111.795	149995	281255
0.06375	1.33327	111.795	149995	281255
0.06625	1.33327	111.795	149995	281255
0.06875	1.33327	111.795	149995	281255
0.07125	1.33327	111.795	149995	281255
0.07375	1.33327	111.795	149995	281255
0.07625	1.33327	111.795	149995	281255
0.07875	1.33327	111.795	149995	281255
0.08125	1.33327	111.795	149995	281255
0.08375	1.33327	111.795	149995	281255
0.08625	1.33327	111.795	149995	281255
0.08875	1.33327	111.795	149995	281255
0.09125	1.33327	111.795	149995	281255
0.09375	1.33327	111.795	149995	281255
0.09625	1.33327	111.795	149995	281255
0.09875	1.33327	111.795	149995	281255
0.10125	1.33327	111.795	149995	281255
0.10375	1.33327	111.795	149995	281255
0.10625	1.33327	111.795	149995	281255
0.10875	1.33327	111.795	149995	281255
0.11125	1.33327	111.795	149995	281255
0.11375	1.33327	111.795	149995	281255
0.11625	1.33327	111.795	149995	281255
0.11875	1.33327	111.795	149995	281255
0.12125	1.33327	111.795	149995	281255
0.12375	1.33327	111.795	149995	281255
0.12625	1.33327	111.795	149995	281255
0.12875	1.33327	111.795	149995	281255
0.13125	1.33327	111.795	149995	281255
0.13375	1.33327	111.795	149995	281255
0.13625	1.33327	111.795	149995	281255
0.13875	1.33327	111.795	149995	281255
0.14125	1.33327	111.795	149995	281255
0.14375	1.33327	111.795	149995	281256
0.14625	1.33326	111.795	149995	281256
0.14875	1.33326	111.795	149995	281256
0.15125	1.33326	111.795	149995	281257
0.15375	1.33326	111.795	149995	281258
0.15625	1.33325	111.795	149995	281259
0.15875	1.33325	111.795	149995	281260
0.16125	1.33324	111.795	149995	281261
0.16375	1.33323	111.795	149995	281263
0.16625	1.33322	111.795	149995	281265
0.16875	1.33321	111.795	149995	281267
0.17125	1.3332	111.795	149995	281270
0.17375	1.33318	111.795	149995	281273
0.17625	1.33316	111.795	149995	281277
0.17875	1.33315	111.795	149995	281281
0.18125	1.33312	111.795	149995	281286
0.18375	1.3331	111.795	149995	281291
0.18625	1.33307	111.795	149995	281298
0.18875	1.33304	111.795	149995	281304
0.19125	1.333	111.795	149995	281312
0.19375	1.33296	111.795	149995	281320
0.19625	1.33292	111.795	149995	281329
0.19875	1.33288	111.795	149995	281338
0.20125	1.33283	111.795	149995	281348
0.20375	1.33278	111.795	149995	281358
0.20625	1.33273	111.795	149995	281369
0.20875	1.33268	111.795	149995	281379
0.21125	1.33263	111.795	149995	281391
0.21375	1.33257	111.795	149995	281402
0.21625	1.33252	111.795	149995	281413
0.21875	1.33247	111.795	149995	281425
0.22125	1.33241	111.795	149995	281436
0.22375	1.33236	111.795	149995	281446
0.22625	1.33231	111.795	149995	281457
0.22875	1.33227	111.795	149995	281467
0.23125	1.33222	111.795	149995	281476
0.23375	1.33218	111.795	149995	281484
0.23625	1.33215	111.795	149996	281492
0.23875	1.33212	111.794	149996	281498
0.24125	1.3321	111.792	149997	281504
0.24375	1.33209	111.79	149998	281508
0.24625	1.33209	111.786	150000	281513
0.24875	1.33211	111.779	150004	281516
0.25125	1.33216	111.764	150012	281519
0.25375	1.33228	111.731	150029	281528
0.25625	1.33254	111.659	150067	281544
0.25875	1.33299	111.527	150137	281580
0.26125	1.33383	111.287	150264	281640
0.26375	1.33508	110.92	150459	281742
0.26625	1.33784	110.113	150888	281961
0.26875	1.34112	109.143	151404	282234
0.27125	1.3442	108.244	151883	282479
0.27375	1.34837	107.022	152538	282819
0.27625	1.35616	104.74	153767	283459
0.27875	1.36223	102.969	154726	283957
0.28125	1.36877	101.07	155760	284488
0.28375	1.37714	98.6454	157089	285172
0.28625	1.38433	96.5736	158233	285757
0.28875	1.39133	94.5665	159348	286323
0.29125	1.39793	92.6812	160401	286854
0.29375	1.40405	90.9408	161378	287344
0.29625	1.40961	89.3665	162267	287787
0.29875	1.41456	87.9678	163060	288180
0.30125	1.41892	86.7443	163756	288524
0.30375	1.42268	85.6888	164359	288819
0.30625	1.42591	84.7893	164875	289070
0.30875	1.42863	84.0311	165310	289281
0.31125	1.43091	83.3981	165675	289456
0.31375	1.43281	82.8743	165977	289601
0.31625	1.43437	82.4441	166225	289719
0.31875	1.43565	82.0933	166428	289814
0.32125	1.43668	81.809	166593	289891
0.32375	1.43753	81.5797	166726	289952
0.32625	1.43821	81.3957	166832	290001
0.32875	1.43875	81.2487	166918	290039
0.33125	1.43919	81.1315	166986	290069
0.33375	1.43954	81.0383	167040	290093
0.33625	1.43982	80.9644	167083	290111
0.33875	1.44004	80.9057	167117	290125
0.34125	1.44022	80.8592	167144	290136
0.34375	1.44037	80.8223	167166	290144
0.34625	1.44048	80.793	167183	290150
0.34875	1.44058	80.7697	167196	290155
0.35125	1.44065	80.7511	167207	290159
0.35375	1.44072	80.7362	167216	290161
0.35625	1.44077	80.7242	167223	290163
0.35875	1.44081	80.7145	167229	290165
0.36125	1.44084	80.7067	167233	290166
0.36375	1.44087	80.7004	167237	290166
0.36625	1.4409	80.6953	167240	290167
0.36875	1.44092	80.6911	167243	290167
0.37125	1.44093	80.6877	167245	290167
0.37375	1.44095	80.685	167246	290167
0.37625	1.44096	80.6828	167248	290167
0.37875	1.44097	80.6809	167249	290167
0.38125	1.44098	80.6795	167250	290167
0.38375	1.44099	80.6782	167250	290166
0.38625	1.44099	80.6772	167251	290166
0.38875	1.441	80.6763	167252	290166
0.39125	1.44101	80.6755	167252	290166
0.39375	1.44101	80.6748	167253	290165
0.39625	1.44102	80.6741	167253	290165
0.39875	1.44102	80.6734	167253	290165
0.40125	1.44102	80.6727	167254	290165
0.40375	1.44103	80.672	167254	290165
0.40625	1.44103	80.6713	167255	290165
0.40875	1.44104	80.6706	167255	290165
0.41125	1.44104	80.6699	167256	290165
0.41375	1.44104	80.6691	167256	290165
0.41625	1.44105	80.6684	167256	290165
0.41875	1.44105	80.6677	167257	290165
0.42125	1.44105	80.667	167257	290165
0.42375	1.44106	80.6663	167258	290165
0.42625	1.44106	80.6657	167258	290165
0.42875	1.44106	80.665	167259	290165
0.43125	1.44107	80.6643	167259	290165
0.43375	1.44107	80.6636	167259	290165
0.43625	1.44107	80.663	167260	290165
0.43875	1.44108	80.6623	167260	290166
0.44125	1.44108	80.6617	167261	290166
0.44375	1.44108	80.6611	167261	290166
0.44625	1.44108	80.6604	167261	290166
0.44875	1.44109	80.6598	167262	290166
0.45125	1.44109	80.6592	167262	290166
0.45375	1.44109	80.6586	167262	290167
0.45625	1.44109	80.658	167263	290167
0.45875	1.44109	80.6574	167263	290167
0.46125	1.44109	80.6568	167263	290167
0.46375	1.4411	80.6562	167264	290168
0.46625	1.4411	80.6557	167264	290168
0.46875	1.4411	80.6552	167264	290168
0.47125	1.4411	80.6547	167265	290168
0.47375	1.4411	80.6542	167265	290168
0.47625	1.4411	80.6538	167265	290169
0.47875	1.44111	80.6533	167266	290169
0.48125	1.44111	80.6529	167266	290169
0.48375	1.44111	80.6525	167266	290168
0.48625	1.44112	80.6522	167266	290168
0.48875	1.44113	80.6518	167266	290166
0.49125	1.44113	80.6516	167267	290165
0.49375	1.44116	80.6513	167267	290159
0.49625	1.44118	80.651	167267	290156
0.49875	1.44171	80.6508	167267	290050
0.50125	1.44196	80.6505	167267	290000
0.50375	1.44434	80.6502	167267	289522
0.50625	1.44558	80.6499	167267	289274
0.50875	1.45226	80.6496	167268	287944
0.51125	1.45607	80.6493	167268	287191
0.51375	1.46994	80.649	167268	284480
0.51625	1.47953	80.6487	167268	282638
0.51875	1.49466	80.6483	167268	279776
0.52125	1.52655	80.6481	167269	273933
0.52375	1.55019	80.6477	167269	269755
0.52625	1.60242	80.6475	167269	260963
0.52875	1.64084	80.6472	167269	254853
0.53125	1.71547	80.6469	167269	243766
0.53375	1.77378	80.6467	167269	235752
0.53625	1.87392	80.6465	167270	223155
0.53875	1.95697	80.6463	167270	213685
0.54125	2.08398	80.6461	167270	200661
0.54375	2.19542	80.646	167270	190476
0.54625	2.34792	80.6458	167270	178105
0.54875	2.48864	80.6456	167270	168034
0.55125	2.66108	80.6454	167271	157145
0.55375	2.82798	80.6452	167271	147871
0.55625	3.00041	80.645	167271	139373
0.55875	3.17256	80.6447	167271	131811
0.56125	3.34365	80.6445	167272	125067
0.56375	3.51115	80.6443	167272	119100
0.56625	3.67187	80.6441	167272	113888
0.56875	3.82215	80.644	167272	109410
0.57125	3.95871	80.6439	167273	105636
0.57375	4.07919	80.6438	167273	102516
0.57625	4.18236	80.6438	167273	99987.1
0.57875	4.26814	80.6438	167273	97977.8
0.58125	4.33741	80.6437	167273	96413.3
0.58375	4.39179	80.6436	167274	95219.6
0.58625	4.43333	80.6435	167274	94327.5
0.58875	4.46425	80.6434	167274	93674.4
0.59125	4.4867	80.6433	167275	93206
0.59375	4.50261	80.6432	167275	92876.9
0.59625	4.51363	80.6431	167276	92650.1
0.59875	4.52112	80.643	167276	92496.9
0.60125	4.5261	80.643	167276	92395.2
0.60375	4.52937	80.6431	167276	92328.8
0.60625	4.53147	80.6433	167277	92286
0.60875	4.53282	80.6435	167277	92258.6
0.61125	4.53369	80.6436	167277	92241.1
0.61375	4.53425	80.6436	167277	92229.8
0.61625	4.53462	80.6439	167277	92222.4
0.61875	4.53488	80.6441	167278	92217.4
0.62125	4.53507	80.6436	167279	92213.9
0.62375	4.53522	80.6431	167280	92211.4
0.62625	4.53533	80.6435	167280	92209.1
0.62875	4.53542	80.6445	167279	92207.1
0.63125	4.53553	80.6437	167281	92205.6
0.63375	4.53563	80.643	167282	92204.4
0.63625	4.53563	80.646	167279	92202.8
0.63875	4.53566	80.6482	167278	92201.5
0.64125	4.53589	80.6405	167287	92201.8
0.64375	4.53593	80.6428	167286	92200.4
0.64625	4.53561	80.6625	167267	92196.4
0.64875	4.53605	80.6432	167287	92198.6
0.65125	4.53679	80.6049	167326	92205.2
0.65375	4.53498	80.6942	167230	92188.9
0.65625	4.53454	80.695	167208	92185.5
0.65875	4.53927	80.4429	167443	92219.1
0.66125	4.53443	80.5746	167198	92182.6
0.66375	4.5243	80.92	166657	92090
0.66625	4.53816	79.8874	167405	92220.9
0.66875	4.5326	79.2633	167082	92155.5
0.67125	4.47988	80.705	164403	91745.1
0.67375	4.48638	77.3728	164616	91731.1
0.67625	4.44723	72.0185	162863	91553.1
0.67875	4.23397	71.038	151820	89644.2
0.68125	4.12068	55.8602	146240	88723.5
0.68375	3.8275	43.4022	131816	86098.2
0.68625	3.60297	28.9953	120808	83825.4
0.68875	3.4327	18.2447	112730	82100
0.69125	3.31949	10.9411	107484	80949.4
0.69375	3.24941	6.34782	104289	80236.8
0.69625	3.20793	3.60395	102417	79815.9
0.69875	3.18405	2.01701	101347	79574.3
0.70125	3.17054	1.11757	100745	79438.1
0.70375	3.163	0.614435	100409	79362.1
0.70625	3.15882	0.335576	100223	79320
0.70875	3.15653	0.182135	100121	79296.9
0.71125	3.15527	0.0982392	100065	79284.2
0.71375	3.15459	0.0526479	100035	79277.4
0.71625	3.15422	0.0280254	100019	79273.7
0.71875	3.15402	0.0148133	100010	79271.7
0.72125	3.15392	0.007772	100005	79270.6
0.72375	3.15386	0.00404625	100003	79270.1
0.72625	3.15383	0.00208969	100001	79269.8
0.72875	3.15382	0.0010703	100001	79269.6
0.73125	3.15381	0.000543522	100000	79269.5
0.73375	3.1538	0.000273614	100000	79269.5
0.73625	3.1538	0.000136519	100000	79269.5
0.73875	3.1538	6.75045e-05	100000	79269.5
0.74125	3.1538	3.30759e-05	100000	79269.5
0.74375	3.1538	1.60586e-05	100000	79269.5
0.74625	3.1538	7.72512e-06	100000	79269.5
0.74875	3.1538	3.68219e-06	100000	79269.5
0.75125	3.1538	1.7391e-06	100000	79269.5
0.75375	3.1538	8.13924e-07	100000	79269.5
0.75625	3.1538	3.77504e-07	100000	79269.5
0.75875	3.1538	1.73534e-07	100000	79269.5
0.76125	3.1538	7.90738e-08	100000	79269.5
0.76375	3.1538	3.57217e-08	100000	79269.5
0.76625	3.1538	1.60015e-08	100000	79269.5
0.76875	3.1538	7.10898e-09	100000	79269.5
0.77125	3.1538	3.133e-09	100000	79269.5
0.77375	3.1538	1.37002e-09	100000	79269.5
0.77625	3.1538	5.94593e-10	100000	79269.5
0.77875	3.1538	2.5616e-10	100000	79269.5
0.78125	3.1538	1.09586e-10	100000	79269.5
0.78375	3.1538	4.65663e-11	100000	79269.5
0.78625	3.1538	1.96606e-11	100000	79269.5
0.78875	3.1538	8.24846e-12	100000	79269.5
0.79125	3.1538	3.44653e-12	100000	79269.5
0.79375	3.1538	1.42774e-12	100000	79269.5
0.79625	3.1538	5.84423e-13	100000	79269.5
0.79875	3.1538	2.3401e-13	100000	79269.5
0.80125	3.1538	9.83405e-14	100000	79269.5
0.80375	3.1538	3.28133e-14	100000	79269.5
0.80625	3.1538	7.92732e-15	100000	79269.5
0.80875	3.1538	0	100000	79269.5
0.81125	3.1538	0	100000	79269.5
0.81375	3.1538	0	100000	79269.5
0.81625	3.1538	0	100000	79269.5
0.81875	3.1538	0	100000	79269.5
0.82125	3.1538	0	100000	79269.5
0.82375	3.1538	0	100000	79269.5
0.82625	3.1538	0	100000	79269.5
0.82875	3.1538	0	100000	79269.5
0.83125	3.1538	0	100000	79269.5
0.83375	3.1538	0	100000	79269.5
0.83625	3.1538	0	100000	79269.5
0.83875	3.1538	0	100000	79269.5
0.84125	3.1538	0	100000	79269.5
0.84375	3.1538	0	100000	79269.5
0.84625	3.1538	0	100000	79269.5
0.84875	3.1538	0	100000	79269.5
0.85125	3.1538	0	100000	79269.5
0.85375	3.1538	0	100000	79269.5
0.85625	3.1538	0	100000	79269.5
0.85875	3.1538	0	100000	79269.5
0.86125	3.1538	0	100000	79269.5
0.86375	3.1538	0	100000	79269.5
0.86625	3.1538	0	100000	79269.5
0.86875	3.1538	0	100000	79269.5
0.87125	3.1538	0	100000	79269.5
0.87375	3.1538	0	100000	79269.5
0.87625	3.1538	0	100000	79269.5
0.87875	3.1538	0	100000	79269.5
0.88125	3.1538	0	100000	79269.5
0.88375	3.1538	0	100000	79269.5
0.88625	3.1538	0	100000	79269.5
0.88875	3.1538	0	100000	79269.5
0.89125	3.1538	0	100000	79269.5
0.89375	3.1538	0	100000	79269.5
0.89625	3.1538	0	100000	79269.5
0.89875	3.1538	0	100000	79269.5
0.90125	3.1538	0	100000	79269.5
0.90375	3.1538	0	100000	79269.5
0.90625	3.1538	0	100000	79269.5
0.90875	3.1538	0	100000	79269.5
0.91125	3.1538	0	100000	79269.5
0.91375	3.1538	0	100000	79269.5
0.91625	3.1538	0	100000	79269.5
0.91875	3.1538	0	100000	79269.5
0.92125	3.1538	0	100000	79269.5
0.92375	3.1538	0	100000	79269.5
0.92625	3.1538	0	100000	79269.5
0.92875	3.1538	0	100000	79269.5
0.93125	3.1538	0	100000	79269.5
0.93375	3.1538	0	100000	79269.5
0.93625	3.1538	0	100000	79269.5
0.93875	3.1538	0	100000	79269.5
0.94125	3.1538	0	100000	79269.5
0.94375	3.1538	0	100000	79269.5
0.94625	3.1538	0	100000	79269.5
0.94875	3.1538	0	100000	79269.5
0.95125	3.1538	0	100000	79269.5
0.95375	3.1538	0	100000	79269.5
0.95625	3.1538	0	100000	79269.5
0.95875	3.1538	0	100000	79269.5
0.96125	3.1538	0	100000	79269.5
0.96375	3.1538	0	100000	79269.5
0.96625	3.1538	0	100000	79269.5
0.96875	3.1538	0	100000	79269.5
0.97125	3.1538	0	100000	79269.5
0.97375	3.1538	0	100000	79269.5
0.97625	3.1538	0	100000	79269.5
0.97875	3.1538	0	100000	79269.5
0.98125	3.1538	0	100000	79269.5
0.98375	3.1538	0	100000	79269.5
0.98625	3.1538	0	100000	79269.5
0.98875	3.1538	0	100000	79269.5
0.99125	3.1538	0	100000	79269.5
0.99375	3.1538	0	100000	79269.5
0.99625	3.1538	0	100000	79269.5
0.99875	3.1538	0	100000	79269.5
