0.477184  1.13865

0.51209  1.1412

0.546997  1.14376

0.581903  1.14631

0.61681 1.14887

0.651717  1.15142

0.686623  1.15398

0.72153 1.15654

0.756437  1.15909

0.478279  1.12369

0.480834  1.08878

0.483389  1.05388

0.485944  1.01897

  0.4885 0.984063

0.491055 0.949156

 0.49361 0.914249

0.496165 0.879343

 0.49872 0.844436

0.524019 0.841275

0.558925  0.84383

0.593832 0.846385

0.628738  0.84894

0.663645 0.851495

0.698552 0.854051

0.733458 0.856606

0.768365 0.859161

0.798285 0.861351

 0.79573 0.896258

0.793174 0.931164

0.790619 0.966071

0.788064  1.00098

0.785509  1.03588

0.782954  1.07079

0.780398   1.1057

0.777843   1.1406

