0.497743  1.13675

0.532617  1.13972

0.567491  1.14268

0.602365  1.14565

0.637239  1.14861

0.672114  1.15158

0.706988  1.15454

0.741862  1.15751

0.776736  1.16048

0.499014   1.1218

0.50198 1.08693

0.504945  1.05206

0.507911  1.01718

0.510877 0.982308

0.513843 0.947434

0.516808 0.912559

0.519774 0.877685

 0.52274 0.842811

0.548074 0.839948

0.582948 0.842913

0.617822 0.845879

0.652696 0.848845

0.68757 0.85181

0.722444 0.854776

0.757318 0.857742

0.792192 0.860708

0.822084  0.86325

0.819119 0.898124

0.816153 0.932998

0.813187 0.967872

0.810222  1.00275

0.807256  1.03762

0.80429 1.07249

0.801324  1.10737

0.798359  1.14224

