0.456113  1.14058

0.491048  1.14271

0.525983  1.14484

0.560918  1.14698

0.595852  1.14911

0.630787  1.15125

0.665722  1.15338

0.700657  1.15551

0.735592  1.15765

0.457027   1.1256

0.459161  1.09067

0.461294  1.05574

0.463428   1.0208

0.465562 0.985865

0.467695  0.95093

0.469829 0.915996

0.471962 0.881061

0.474096 0.846126

0.499354 0.842659

0.534289 0.844793

0.569224 0.846926

0.604159  0.84906

0.639094 0.851193

0.674029 0.853327

0.708964 0.855461

0.743899 0.857594

0.773843 0.859423

0.771709 0.894358

0.769576 0.929293

0.767442 0.964228

0.765308 0.999163

0.763175   1.0341

0.761041  1.06903

0.758908  1.10397

0.756774   1.1389

