0.412881  1.14448

0.447858  1.14574

0.482835  1.14701

0.517812  1.14827

0.552789  1.14954

0.587766  1.15081

0.622743  1.15207

0.657721  1.15334

0.692698   1.1546

0.413424  1.12948

0.41469 1.09451

0.415956  1.05953

0.417222  1.02455

0.418489 0.989577

0.419755 0.954599

0.421021 0.919622

0.422287 0.884645

0.423554 0.849668

0.448718 0.845576

0.483695 0.846842

0.518672 0.848108

0.553649 0.849375

0.588626 0.850641

0.623604 0.851907

0.658581 0.853173

0.693558  0.85444

0.723538 0.855525

0.722272 0.890502

0.721006 0.925479

0.719739 0.960456

0.718473 0.995433

0.717207  1.03041

0.715941  1.06539

0.714674  1.10036

0.713408  1.13534

