0.434548  1.14253

0.469507  1.14423

0.504465  1.14593

0.539424  1.14764

0.574383  1.14934

0.609341  1.15104

 0.6443 1.15274

0.679258  1.15444

0.714217  1.15614

0.435277  1.12755

0.436979  1.09259

0.43868 1.05763

0.440381  1.02267

0.442082 0.987715

0.443784 0.952756

0.445485 0.917797

0.447186 0.882839

0.448888  0.84788

0.474101 0.844101

 0.50906 0.845802

0.544018 0.847504

0.578977 0.849205

0.613936 0.850906

0.648894 0.852608

0.683853 0.854309

0.718812  0.85601

0.748776 0.857469

0.747075 0.892427

0.745374 0.927386

0.743672 0.962345

0.741971 0.997303

0.74027 1.03226

0.738568  1.06722

0.736867  1.10218

0.735166  1.13714

