0.369749  1.14828

0.404747  1.14868

0.439744  1.14908

0.474742  1.14948

0.50974 1.14988

0.544737  1.15027

0.579735  1.15067

0.614733  1.15107

0.649731  1.15147

0.369919  1.13328

0.370318  1.09829

0.370716  1.06329

0.371114  1.02829

0.371512 0.993294

 0.37191 0.958296

0.372309 0.923298

0.372707 0.888301

0.373105 0.853303

 0.39816 0.848588

0.433158 0.848986

0.468156 0.849384

0.503153 0.849782

0.538151  0.85018

0.573149 0.850579

0.608147 0.850977

0.643144 0.851375

0.673142 0.851716

0.672744 0.886714

0.672346 0.921712

0.671948 0.956709

 0.67155 0.991707

0.671152   1.0267

0.670753   1.0617

0.670355   1.0967

0.669957   1.1317

