0.518036  1.13486

0.552873  1.13823

0.587711   1.1416

0.622548  1.14497

0.657386  1.14834

0.692223  1.15171

0.72706 1.15508

0.761898  1.15845

0.796735  1.16182

0.51948 1.11993

0.522851  1.08509

0.526221  1.05025

0.529591  1.01542

0.532961  0.98058

0.536331 0.945742

0.539701 0.910905

0.543071 0.876068

0.546441  0.84123

0.571807 0.838661

0.606644 0.842031

0.641481 0.845401

0.676319 0.848771

0.711156 0.852141

0.745994 0.855511

0.780831 0.858882

0.815668 0.862252

0.845529  0.86514

0.842159 0.899978

0.838789 0.934815

0.835418 0.969652

0.832048  1.00449

0.828678  1.03933

0.825308  1.07416

0.821938    1.109

0.818568  1.14384

