0.391225   1.1464

0.426215  1.14723

0.461205  1.14806

0.496195  1.14889

0.531185  1.14972

0.566176  1.15055

0.601166  1.15138

0.636156  1.15221

0.671146  1.15304

0.391581   1.1314

0.392412  1.09641

0.393242  1.06142

0.394073  1.02643

0.394904 0.991441

0.395734 0.956451

0.396565 0.921461

0.397396 0.886471

0.398227 0.851481

0.423338 0.847075

0.458328 0.847906

0.493318 0.848737

0.528309 0.849568

0.563299 0.850398

0.598289 0.851229

0.633279  0.85206

0.668269  0.85289

0.698261 0.853602

 0.69743 0.888593

0.696599 0.923583

0.695769 0.958573

0.694938 0.993563

0.694107  1.02855

0.693276  1.06354

0.692446  1.09853

0.691615  1.13352

